-0.03151363140644855, -0.7993790659227815 ,0.0,closed,
-0.056508900212668106, -0.7980017194196732 ,0.0,closed,
-0.0580057268181654, -0.7978943135881447 ,0.0,closed,
-0.05472218377068762, -0.7981262322486131 ,0.0,closed,
-0.05071626459823097, -0.7983907943514894 ,0.0,closed,
-0.046842004246706585, -0.7986274642398365 ,0.0,closed,
-0.04319251245254696, -0.7988331533355615 ,0.0,closed,
-0.039816219790452294, -0.799008553547206 ,0.0,closed,
-0.03670604333963939, -0.7991574728314492 ,0.0,closed,
-0.03384401199840598, -0.7992837936877314 ,0.0,closed,
-0.031210865962884096, -0.7993909443106338 ,0.0,closed,
-0.028788241360389766, -0.7994818554284869 ,0.0,closed,
-0.026559105416205483, -0.7995590121557576 ,0.0,closed,
-0.024507773847076544, -0.7996245175212305 ,0.0,closed,
-0.022617745986792722, -0.7996802095628458 ,0.0,closed,
-0.02084544481225835, -0.7997283710301762 ,0.0,closed,
-0.019187579210162745, -0.7997698649011813 ,0.0,closed,
-0.017656366122708027, -0.7998051342266695 ,0.0,closed,
-0.016248932105503676, -0.7998349656056747 ,0.0,closed,
-0.014955515855020963, -0.7998601956251545 ,0.0,closed,
-0.013766862688092622, -0.799881537161427 ,0.0,closed,
-0.012674411161861705, -0.7998995932626171 ,0.0,closed,
-0.011670289449051227, -0.7999148731860006 ,0.0,closed,
-0.010747270981731295, -0.7999278068466211 ,0.0,closed,
-0.009898724081273888, -0.7999387571943011 ,0.0,closed,
-0.009118563453926247, -0.7999480306873296 ,0.0,closed,
-0.00840120514609255, -0.7999558861287874 ,0.0,closed,
-0.007741525091690638, -0.7999625421163512 ,0.0,closed,
-0.007134821057102231, -0.7999681833226139 ,0.0,closed,
-0.006576777729306567, -0.7999729657899067 ,0.0,closed,
-0.006063434694930377, -0.7999770213948025 ,0.0,closed,
-0.00559115707370636, -0.799980461613018 ,0.0,closed,
-0.005156608587746112, -0.7999833806947947 ,0.0,closed,
-0.00475672686541083, -0.7999858583434634 ,0.0,closed,
-0.004388700794835011, -0.7999879619752621 ,0.0,closed,
-0.004049949757222191, -0.7999897486261709 ,0.0,closed,
-0.003738104583944564, -0.7999912665611542 ,0.0,closed,
-0.0034509900942968513, -0.7999925566324784 ,0.0,closed,
-0.0031866090825559768, -0.7999936534264225 ,0.0,closed,
-0.002943127633847628, -0.7999945862315139 ,0.0,closed,
-0.0027188616583036056, -0.7999953798562108 ,0.0,closed,
-0.002512264542155331, -0.7999960553195686 ,0.0,closed,
-0.0023198878626986934, -0.7999966363181189 ,0.0,closed,
-0.00213964390632122, -0.7999971386973546 ,0.0,closed,
-0.001971048436571023, -0.799997571851353 ,0.0,closed,
-0.0018135242140090045, -0.7999979444535624 ,0.0,closed,
-0.0016664982846990991, -0.799998264237784 ,0.0,closed,
-0.0015294704137314768, -0.7999985379488225 ,0.0,closed,
-0.001403648324182669, -0.799998768606166 ,0.0,closed,
-0.0012881624219290462, -0.799998962897812 ,0.0,closed,
-0.001182172385486544, -0.7999991265423051 ,0.0,closed,
-0.0010848981315822372, -0.7999992643721894 ,0.0,closed,
-9.95622065005968E-4, -0.7999993804601999 ,0.0,closed,
-9.136854664059005E-4, -0.7999994782366227 ,0.0,closed,
-8.3848394985684E-4, -0.7999995605902955 ,0.0,closed,
-7.694630316527221E-4, -0.7999996299540663 ,0.0,closed,
-7.061140099755745E-4, -0.7999996883768175 ,0.0,closed,
-6.479701747585236E-4, -0.7999997375841149 ,0.0,closed,
-5.946033299903431E-4, -0.7999997790292694 ,0.0,closed,
-5.456206045217838E-4, -0.7999998139363259 ,0.0,closed,
-5.006615277710285E-4, -0.7999998433362564 ,0.0,closed,
-4.5939534834406423E-4, -0.7999998680974354 ,0.0,closed,
-4.2151857534398736E-4, -0.7999998889512989 ,0.0,closed,
-3.8675272381822397E-4, -0.7999999065139513 ,0.0,closed,
-3.548422473377911E-4, -0.7999999213043584 ,0.0,closed,
-3.2555264212472574E-4, -0.7999999337596706 ,0.0,closed,
-2.9866870844424753E-4, -0.7999999442481247 ,0.0,closed,
-2.739929561718138E-4, -0.7999999530799111 ,0.0,closed,
-2.5134414253673857E-4, -0.7999999605163253 ,0.0,closed,
-2.305559310464494E-4, -0.799999966777476 ,0.0,closed,
-2.1147566151457796E-4, -0.7999999720487774 ,0.0,closed,
-1.9396322195441732E-4, -0.7999999764864175 ,0.0,closed,
-1.778900138710208E-4, -0.7999999802219642 ,0.0,closed,
-1.6313800319214564E-4, -0.7999999833662449 ,0.0,closed,
-1.4959884972247863E-4, -0.799999986012615 ,0.0,closed,
-1.371731086032876E-4, -0.7999999882397114 ,0.0,closed,
-1.2576949779642758E-4, -0.7999999901137708 ,0.0,closed,
-1.1530422611715991E-4, -0.7999999916905847 ,0.0,closed,
-1.0570037678928671E-4, -0.799999993017144 ,0.0,closed,
-9.688734191939617E-5, -0.7999999941330268 ,0.0,closed,
-8.880030366892023E-5, -0.7999999950715664 ,0.0,closed,
-8.137975825139668E-5, -0.7999999958608344 ,0.0,closed,
-7.457107920899365E-5, -0.7999999965244714 ,0.0,closed,
-6.832411671349433E-5, -0.7999999970823845 ,0.0,closed,
-6.259282990765292E-5, -0.799999997551336 ,0.0,closed,
-5.733494955489499E-5, -0.7999999979454397 ,0.0,closed,
-5.206882114801402E-5, -0.7999999983055237 ,0.0,closed,
-4.729863247085545E-5, -0.7999999986017747 ,0.0,closed,
-4.30253696618904E-5, -0.7999999988430111 ,0.0,closed,
-3.920671232069344E-5, -0.7999999990392711 ,0.0,closed,
-3.579367382036038E-5, -0.7999999991992581 ,0.0,closed,
-3.274003744154103E-5, -0.7999999993300563 ,0.0,closed,
-2.995941254143415E-5, -0.799999999439021 ,0.0,closed,
-2.7415621098383886E-5, -0.7999999995302398 ,0.0,closed,
-2.508797026134159E-5, -0.7999999996066212 ,0.0,closed,
-2.2957977006041266E-5, -0.7999999996705821 ,0.0,closed,
-2.100883008504623E-5, -0.7999999997241432 ,0.0,closed,
-1.9225168753732742E-5, -0.7999999997689956 ,0.0,closed,
-1.7592941659881493E-5, -0.7999999998065553 ,0.0,closed,
-1.6099291608747802E-5, -0.7999999998380081 ,0.0,closed,
-1.4732453257344333E-5, -0.7999999998643468 ,0.0,closed,
-1.348166020778265E-5, -0.7999999998864031 ,0.0,closed,
-1.233706014857664E-5, -0.7999999999048731 ,0.0,closed,
-1.1289637238152526E-5, -0.7999999999203401 ,0.0,closed,
-1.0331141085037336E-5, -0.7999999999332923 ,0.0,closed,
-9.454021760555071E-6, -0.7999999999441384 ,0.0,closed,
-8.65137032924234E-6, -0.7999999999532211 ,0.0,closed,
-7.916864427492384E-6, -0.7999999999608272 ,0.0,closed,
-7.244718464101892E-6, -0.7999999999671963 ,0.0,closed,
-6.629638047303576E-6, -0.7999999999725299 ,0.0,closed,
-6.066778282124987E-6, -0.7999999999769964 ,0.0,closed,
-5.551705607671199E-6, -0.7999999999807367 ,0.0,closed,
-5.080362874837619E-6, -0.7999999999838687 ,0.0,closed,
-4.649037388584696E-6, -0.7999999999864915 ,0.0,closed,
-4.254331663420059E-6, -0.799999999988688 ,0.0,closed,
-3.893136662405135E-6, -0.7999999999905273 ,0.0,closed,
-3.562607307411615E-6, -0.7999999999920675 ,0.0,closed,
-3.2601400689588608E-6, -0.7999999999933571 ,0.0,closed,
-2.98335245835185E-6, -0.7999999999944373 ,0.0,closed,
-2.7300642618922677E-6, -0.7999999999953418 ,0.0,closed,
-2.4982803668829543E-6, -0.7999999999960992 ,0.0,closed,
-2.2861750467318696E-6, -0.7999999999967334 ,0.0,closed,
-2.0920775801000264E-6, -0.7999999999972646 ,0.0,closed,
-1.9144590905842216E-6, -0.7999999999977093 ,0.0,closed,
-1.7519205046163846E-6, -0.7999999999980818 ,0.0,closed,
-1.6031815302352103E-6, -0.7999999999983937 ,0.0,closed,
-1.4670705732412881E-6, -0.7999999999986548 ,0.0,closed,
-1.3425155081351447E-6, -0.7999999999988736 ,0.0,closed,
-1.2285352336721041E-6, -0.7999999999990568 ,0.0,closed,
-1.1242319446442209E-6, -0.7999999999992101 ,0.0,closed,
-1.0287840598484334E-6, -0.7999999999993386 ,0.0,closed,
-9.414397508185976E-7, -0.799999999999446 ,0.0,closed,
-8.615110196294213E-7, -0.7999999999995362 ,0.0,closed,
-7.883682799422892E-7, -0.7999999999996116 ,0.0,closed,
-7.214353974169689E-7, -0.7999999999996747 ,0.0,closed,
-6.60185151830428E-7, -0.7999999999997276 ,0.0,closed,
-6.041350844874513E-7, -0.799999999999772 ,0.0,closed,
-5.528436973499116E-7, -0.7999999999998091 ,0.0,closed,
-5.059069759958924E-7, -0.7999999999998401 ,0.0,closed,
-4.6295520709877435E-7, -0.7999999999998662 ,0.0,closed,
-4.236500659125615E-7, -0.7999999999998879 ,0.0,closed,
-3.8768195191425806E-7, -0.7999999999999061 ,0.0,closed,
-3.547675498659275E-7, -0.7999999999999213 ,0.0,closed,
-3.2464759782232447E-7, -0.7999999999999341 ,0.0,closed,
-2.970848455639789E-7, -0.7999999999999449 ,0.0,closed,
-2.718621855145295E-7, -0.7999999999999539 ,0.0,closed,
-2.48780942641995E-7, -0.7999999999999613 ,0.0,closed,
-2.2765930948839795E-7, -0.7999999999999677 ,0.0,closed,
-2.0833091407088148E-7, -0.7999999999999728 ,0.0,closed,
-1.9064350964090408E-7, -0.7999999999999773 ,0.0,closed,
-1.7445777511046614E-7, -0.7999999999999811 ,0.0,closed,
-1.5964621797412594E-7, -0.7999999999999841 ,0.0,closed,
-1.4609216995684263E-7, -0.7999999999999867 ,0.0,closed,
-1.3368886774931186E-7, -0.7999999999999888 ,0.0,closed,
-1.223386124359094E-7, -0.7999999999999906 ,0.0,closed,
-1.1195199979927252E-7, -0.7999999999999923 ,0.0,closed,
-1.0244721599481332E-7, -0.7999999999999935 ,0.0,closed,
-9.374939326609295E-8, -0.7999999999999945 ,0.0,closed,
-8.579002037198669E-8, -0.7999999999999954 ,0.0,closed,
-7.850640239656908E-8, -0.7999999999999962 ,0.0,closed,
-7.184116745481957E-8, -0.7999999999999968 ,0.0,closed,
-6.574181443217129E-8, -0.7999999999999974 ,0.0,closed,
-6.016029980391013E-8, -0.7999999999999977 ,0.0,closed,
-5.505265856062526E-8, -0.799999999999998 ,0.0,closed,
-5.037865888443951E-8, -0.7999999999999985 ,0.0,closed,
-4.610148418113517E-8, -0.7999999999999987 ,0.0,closed,
-4.2187443889260476E-8, -0.7999999999999989 ,0.0,closed,
-3.860570773714649E-8, -0.7999999999999992 ,0.0,closed,
-3.532806273729143E-8, -0.7999999999999993 ,0.0,closed,
-3.2328691497027156E-8, -0.7999999999999994 ,0.0,closed,
-2.9583968470389624E-8, -0.7999999999999995 ,0.0,closed,
-2.7072273973557875E-8, -0.7999999999999996 ,0.0,closed,
-2.4773823654597402E-8, -0.7999999999999997 ,0.0,closed,
-2.2670512884601034E-8, -0.7999999999999997 ,0.0,closed,
-2.074577429387042E-8, -0.7999999999999998 ,0.0,closed,
-1.8984447032052653E-8, -0.7999999999999998 ,0.0,closed,
-1.7372657396960643E-8, -0.7999999999999998 ,0.0,closed,
-1.5897709588627515E-8, -0.7999999999999998 ,0.0,closed,
-1.4547985700416544E-8, -0.7999999999999998 ,0.0,closed,
-1.3312854059008227E-8, -0.7999999999999999 ,0.0,closed,
-1.2182585735628859E-8, -0.7999999999999999 ,0.0,closed,
-1.1148277807435046E-8, -0.7999999999999999 ,0.0,closed,
-1.0201783191418567E-8, -0.8 ,0.0,closed,
-9.335646340288771E-9, -0.8 ,0.0,closed,
-8.54304497796826E-9, -0.8 ,0.0,closed,
-7.817735920709278E-9, -0.8 ,0.0,closed,
-7.154006049644945E-9, -0.8 ,0.0,closed,
-6.546627191325538E-9, -0.8 ,0.0,closed,
-5.9908150838755E-9, -0.8 ,0.0,closed,
-5.482191718228446E-9, -0.8 ,0.0,closed,
-5.016750699168792E-9, -0.8 ,0.0,closed,
-4.590825981451384E-9, -0.8 ,0.0,closed,
-4.201062382277964E-9, -0.8 ,0.0,closed,
-3.8443900017586784E-9, -0.8 ,0.0,closed,
-3.5179991762806495E-9, -0.8 ,0.0,closed,
-3.2193191622258967E-9, -0.8 ,0.0,closed,
-2.945997174960634E-9, -0.8 ,0.0,closed,
-2.6958804476311927E-9, -0.8 ,0.0,closed,
-2.466998822866994E-9, -0.8 ,0.0,closed,
-2.257549298476046E-9, -0.8 ,0.0,closed,
-2.0658821718615984E-9, -0.8 ,0.0,closed,
-1.8904877173458445E-9, -0.8 ,0.0,closed,
-1.729984284579099E-9, -0.8 ,0.0,closed,
-1.583107640398761E-9, -0.8 ,0.0,closed,
-1.4487010212310126E-9, -0.8 ,0.0,closed,
-1.3257055407638876E-9, -0.8 ,0.0,closed,
-1.2131523739771767E-9, -0.8 ,0.0,closed,
-1.1101551188080195E-9, -0.8 ,0.0,closed,
-1.015902335452178E-9, -0.8 ,0.0,closed,
-9.296516843864667E-10, -0.8 ,0.0,closed,
-8.507237091198151E-10, -0.8 ,0.0,closed,
-7.784968623941169E-10, -0.8 ,0.0,closed,
-7.124019994780285E-10, -0.8 ,0.0,closed,
-6.519186478176055E-10, -0.8 ,0.0,closed,
-5.965703885085206E-10, -0.8 ,0.0,closed,
-5.459213035823852E-10, -0.8 ,0.0,closed,
-4.99572245657386E-10, -0.8 ,0.0,closed,
-4.5715835103871013E-10, -0.8 ,0.0,closed,
-4.1834530936918255E-10, -0.8 ,0.0,closed,
-3.8282758727242635E-10, -0.8 ,0.0,closed,
-3.503252309105521E-10, -0.8 ,0.0,closed,
-3.205824448986861E-10, -0.8 ,0.0,closed,
-2.9336475013402763E-10, -0.8 ,0.0,closed,
-2.6845791798174487E-10, -0.8 ,0.0,closed,
-2.456656610110842E-10, -0.8 ,0.0,closed,
-2.2480856718126617E-10, -0.8 ,0.0,closed,
-2.0572214584896227E-10, -0.8 ,0.0,closed,
-1.8825629486124326E-10, -0.8 ,0.0,closed,
-1.722731689273716E-10, -0.8 ,0.0,closed,
-1.5764700198311782E-10, -0.8 ,0.0,closed,
-1.4426268610528876E-10, -0.8 ,0.0,closed,
-1.3201470569762403E-10, -0.8 ,0.0,closed,
-1.208066045837442E-10, -0.8 ,0.0,closed,
-1.105500978287311E-10, -0.8 ,0.0,closed,
-1.0116436119639199E-10, -0.8 ,0.0,closed,
-9.257549824220786E-11, -0.8 ,0.0,closed,
-8.471582977059751E-11, -0.8 ,0.0,closed,
-7.75233609278659E-11, -0.8 ,0.0,closed,
-7.094160356652008E-11, -0.8 ,0.0,closed,
-6.49186880668496E-11, -0.8 ,0.0,closed,
-5.940700806555849E-11, -0.8 ,0.0,closed,
-5.4363398091449363E-11, -0.8 ,0.0,closed,
-4.9747890115635694E-11, -0.8 ,0.0,closed,
-4.552424645859371E-11, -0.8 ,0.0,closed,
-4.165924924742665E-11, -0.8 ,0.0,closed,
-3.812234514449681E-11, -0.8 ,0.0,closed,
-3.488564534742561E-11, -0.8 ,0.0,closed,
-3.192374795340964E-11, -0.8 ,0.0,closed,
-2.921338268785273E-11, -0.8 ,0.0,closed,
-2.6733233268682102E-11, -0.8 ,0.0,closed,
-2.4463582134980404E-11, -0.8 ,0.0,closed,
-2.2386665718353633E-11, -0.8 ,0.0,closed,
-2.0485963900195365E-11, -0.8 ,0.0,closed,
-1.874673291873858E-11, -0.8 ,0.0,closed,
-1.7155117190635954E-11, -0.8 ,0.0,closed,
-1.569868221801169E-11, -0.8 ,0.0,closed,
-1.436588168140968E-11, -0.8 ,0.0,closed,
-1.3146235075477469E-11, -0.8 ,0.0,closed,
-1.2030150073282291E-11, -0.8 ,0.0,closed,
-1.1008744890627147E-11, -0.8 ,0.0,closed,
-1.0074025921734736E-11, -0.8 ,0.0,closed,
-9.218710103563515E-12, -0.8 ,0.0,closed,
-8.436047280123764E-12, -0.8 ,0.0,closed,
-7.719820202477583E-12, -0.8 ,0.0,closed,
-7.064344528738891E-12, -0.8 ,0.0,closed,
-6.464646459757366E-12, -0.8 ,0.0,closed,
-5.9157521963826885E-12, -0.8 ,0.0,closed,
-5.413576117884238E-12, -0.8 ,0.0,closed,
-4.9540326035313935E-12, -0.8 ,0.0,closed,
-4.533391303961414E-12, -0.8 ,0.0,closed,
-4.148454776863379E-12, -0.8 ,0.0,closed,
-3.79620321561031E-12, -0.8 ,0.0,closed,
-3.4739720849431043E-12, -0.8 ,0.0,closed,
-3.1790968496026628E-12, -0.8 ,0.0,closed,
-2.9092682456977645E-12, -0.8 ,0.0,closed,
-2.6623546450211297E-12, -0.8 ,0.0,closed,
-2.4364020550494178E-12, -0.8 ,0.0,closed,
-2.2296341189432285E-12, -0.8 ,0.0,closed,
-2.040274479863162E-12, -0.8 ,0.0,closed,
-1.8670796880216375E-12, -0.8 ,0.0,closed,
-1.708628657947135E-12, -0.8 ,0.0,closed,
-1.5635003041681346E-12, -0.8 ,0.0,closed,
-1.430806448264936E-12, -0.8 ,0.0,closed,
-1.3093036404499589E-12, -0.8 ,0.0,closed,
-1.1981037023035032E-12, -0.8 ,0.0,closed,
-1.0963184554058689E-12, -0.8 ,0.0,closed,
-1.0032373570212956E-12, -0.8 ,0.0,closed,
-9.179722287300836E-13, -0.8 ,0.0,closed,
-8.399901634804126E-13, -0.8 ,0.0,closed,
-7.685806185365226E-13, -0.8 ,0.0,closed,
-7.033883225305333E-13, -0.8 ,0.0,closed,
-6.437027327266849E-13, -0.8 ,0.0,closed,
-5.889909420731572E-13, -0.8 ,0.0,closed,
-5.388976792020701E-13, -0.8 ,0.0,closed,
-4.930676727455437E-13, -0.8 ,0.0,closed,
-4.5114565133569773E-13, -0.8 ,0.0,closed,
-4.1277634360465233E-13, -0.8 ,0.0,closed,
-3.7778211386846737E-13, -0.8 ,0.0,closed,
-3.4563005507532285E-13, -0.8 ,0.0,closed,
-3.163201672252187E-13, -0.8 ,0.0,closed,
-2.8949717895027494E-13, -0.8 ,0.0,closed,
-2.6498345456655147E-13, -0.8 ,0.0,closed,
-2.424237227061683E-13, -0.8 ,0.0,closed,
-2.2181798336912538E-13, -0.8 ,0.0,closed,
-2.0298860087148274E-13, -0.8 ,0.0,closed,
-1.857579395293003E-13, -0.8 ,0.0,closed,
-1.6994836365863807E-13, -0.8 ,0.0,closed,
-1.5555987325949605E-13, -0.8 ,0.0,closed,
-1.4241483264793418E-13, -0.8 ,0.0,closed,
-1.3033560614001248E-13, -0.8 ,0.0,closed,
-1.1932219373573093E-13, -0.8 ,0.0,closed,
-1.0919695975114951E-13, -0.8 ,0.0,closed,
-9.99599041862682E-14, -0.8 ,0.0,closed,
-9.1433391357147E-14, -0.8 ,0.0,closed,
-8.36174212637859E-14, -0.8 ,0.0,closed,
-7.65119939061849E-14, -0.8 ,0.0,closed,
-6.993947360040398E-14, -0.8 ,0.0,closed,
-6.407749603038315E-14, -0.8 ,0.0,closed,
-5.857078982824237E-14, -0.8 ,0.0,closed,
-5.359699067792167E-14, -0.8 ,0.0,closed,
-4.897846289548102E-14, -0.8 ,0.0,closed,
-4.489284216486045E-14, -0.8 ,0.0,closed,
-4.116249280211992E-14, -0.8 ,0.0,closed,
-3.760977912331942E-14, -0.8 ,0.0,closed,
-3.4412336812398966E-14, -0.8 ,0.0,closed,
-3.157016586935856E-14, -0.8 ,0.0,closed,
-2.890563061025819E-14, -0.8 ,0.0,closed,
-2.641873103509784E-14, -0.8 ,0.0,closed,
-2.4109467143877512E-14, -0.8 ,0.0,closed,
-2.1977838936597213E-14, -0.8 ,0.0,closed,
-2.0023846413256938E-14, -0.8 ,0.0,closed,
-1.8247489573856688E-14, -0.8 ,0.0,closed,
-1.664876841839646E-14, -0.8 ,0.0,closed,
-1.522768294687626E-14, -0.8 ,0.0,closed,
-1.3984233159296086E-14, -0.8 ,0.0,closed,
-1.274078337171591E-14, -0.8 ,0.0,closed,
-1.1674969268075759E-14, -0.8 ,0.0,closed,
-1.060915516443561E-14, -0.8 ,0.0,closed,
-9.720976744735484E-15, -0.8 ,0.0,closed,
-8.832798325035359E-15, -0.8 ,0.0,closed,
-8.122255589275258E-15, -0.8 ,0.0,closed,
-7.411712853515159E-15, -0.8 ,0.0,closed,
-6.701170117755058E-15, -0.8 ,0.0,closed,
-6.168263065934983E-15, -0.8 ,0.0,closed,
-5.6353560141149076E-15, -0.8 ,0.0,closed,
-5.102448962294833E-15, -0.8 ,0.0,closed,
-4.747177594414782E-15, -0.8 ,0.0,closed,
-4.391906226534733E-15, -0.8 ,0.0,closed,
-4.036634858654682E-15, -0.8 ,0.0,closed,
-3.681363490774632E-15, -0.8 ,0.0,closed,
-3.326092122894582E-15, -0.8 ,0.0,closed,
-2.970820755014532E-15, -0.8 ,0.0,closed,
-2.7931850710745067E-15, -0.8 ,0.0,closed,
-2.615549387134482E-15, -0.8 ,0.0,closed,
-2.4379137031944567E-15, -0.8 ,0.0,closed,
-2.260278019254432E-15, -0.8 ,0.0,closed,
-2.0826423353144067E-15, -0.8 ,0.0,closed,
-1.9050066513743815E-15, -0.8 ,0.0,closed,
-1.7273709674343564E-15, -0.8 ,0.0,closed,
-1.5497352834943314E-15, -0.8 ,0.0,closed,
-1.3720995995543064E-15, -0.8 ,0.0,closed,
-1.1944639156142814E-15, -0.8 ,0.0,closed,
-1.0168282316742562E-15, -0.8 ,0.0,closed,
-8.391925477342312E-16, -0.8 ,0.0,closed,
-8.391925477342312E-16, -0.8 ,0.0,closed,
-8.391925477342312E-16, -0.8 ,0.0,closed,
-8.391925477342312E-16, -0.8 ,0.0,closed,
-8.391925477342312E-16, -0.8 ,0.0,closed,
-8.391925477342312E-16, -0.8 ,0.0,closed,
-8.391925477342312E-16, -0.8 ,0.0,closed,
-8.391925477342312E-16, -0.8 ,0.0,closed,
-8.391925477342312E-16, -0.8 ,0.0,closed,
-8.391925477342312E-16, -0.8 ,0.0,closed,
-8.391925477342312E-16, -0.8 ,0.0,closed,
-8.391925477342312E-16, -0.8 ,0.0,closed,
-8.391925477342312E-16, -0.8 ,0.0,closed,
-8.391925477342312E-16, -0.8 ,0.0,closed,
-8.391925477342312E-16, -0.8 ,0.0,closed,
-8.391925477342312E-16, -0.8 ,0.0,closed,
-8.391925477342312E-16, -0.8 ,0.0,closed,
-8.391925477342312E-16, -0.8 ,0.0,closed,
-8.391925477342312E-16, -0.8 ,0.0,closed,
-8.391925477342312E-16, -0.8 ,0.0,closed,
-8.391925477342312E-16, -0.8 ,0.0,closed,
-8.391925477342312E-16, -0.8 ,0.0,closed,
-8.391925477342312E-16, -0.8 ,0.0,closed,
-8.391925477342312E-16, -0.8 ,0.0,closed,
-8.391925477342312E-16, -0.8 ,0.0,closed,
-8.391925477342312E-16, -0.8 ,0.0,closed,
-8.391925477342312E-16, -0.8 ,0.0,closed,
-8.391925477342312E-16, -0.8 ,0.0,closed,
-8.391925477342312E-16, -0.8 ,0.0,closed,
-8.391925477342312E-16, -0.8 ,0.0,closed,
-8.391925477342312E-16, -0.8 ,0.0,closed,
-8.391925477342312E-16, -0.8 ,0.0,closed,
-8.391925477342312E-16, -0.8 ,0.0,closed,
-8.391925477342312E-16, -0.8 ,0.0,closed,
-8.391925477342312E-16, -0.8 ,0.0,closed,
-8.391925477342312E-16, -0.8 ,0.0,closed,
-8.391925477342312E-16, -0.8 ,0.0,closed,
-8.391925477342312E-16, -0.8 ,0.0,closed,
-8.391925477342312E-16, -0.8 ,0.0,closed,
-8.391925477342312E-16, -0.8 ,0.0,closed,
-8.391925477342312E-16, -0.8 ,0.0,closed,
-8.391925477342312E-16, -0.8 ,0.0,closed,
-8.391925477342312E-16, -0.8 ,0.0,closed,
-8.391925477342312E-16, -0.8 ,0.0,closed,
-8.391925477342312E-16, -0.8 ,0.0,closed,
-8.391925477342312E-16, -0.8 ,0.0,closed,
-8.391925477342312E-16, -0.8 ,0.0,closed,
-8.391925477342312E-16, -0.8 ,0.0,closed,
-8.391925477342312E-16, -0.8 ,0.0,closed,
-8.391925477342312E-16, -0.8 ,0.0,closed,
-8.391925477342312E-16, -0.8 ,0.0,closed,
-8.391925477342312E-16, -0.8 ,0.0,closed,
-8.391925477342312E-16, -0.8 ,0.0,closed,
-8.391925477342312E-16, -0.8 ,0.0,closed,
-8.391925477342312E-16, -0.8 ,0.0,closed,
-8.391925477342312E-16, -0.8 ,0.0,closed,
-8.391925477342312E-16, -0.8 ,0.0,closed,
-8.391925477342312E-16, -0.8 ,0.0,closed,
-8.391925477342312E-16, -0.8 ,0.0,closed,
-8.391925477342312E-16, -0.8 ,0.0,closed,
-8.391925477342312E-16, -0.8 ,0.0,closed,
-8.391925477342312E-16, -0.8 ,0.0,closed,
-8.391925477342312E-16, -0.8 ,0.0,closed,
-8.391925477342312E-16, -0.8 ,0.0,closed,
-8.391925477342312E-16, -0.8 ,0.0,closed,
-8.391925477342312E-16, -0.8 ,0.0,closed,
-8.391925477342312E-16, -0.8 ,0.0,closed,
-8.391925477342312E-16, -0.8 ,0.0,closed,
-8.391925477342312E-16, -0.8 ,0.0,closed,
-8.391925477342312E-16, -0.8 ,0.0,closed,
-8.391925477342312E-16, -0.8 ,0.0,closed,
-8.391925477342312E-16, -0.8 ,0.0,closed,
-8.391925477342312E-16, -0.8 ,0.0,closed,
-8.391925477342312E-16, -0.8 ,0.0,closed,
-8.391925477342312E-16, -0.8 ,0.0,closed,
-8.391925477342312E-16, -0.8 ,0.0,closed,
-8.391925477342312E-16, -0.8 ,0.0,closed,
-8.391925477342312E-16, -0.8 ,0.0,closed,
-8.391925477342312E-16, -0.8 ,0.0,closed,
-8.391925477342312E-16, -0.8 ,0.0,closed,
-8.391925477342312E-16, -0.8 ,0.0,closed,
-8.391925477342312E-16, -0.8 ,0.0,closed,
-8.391925477342312E-16, -0.8 ,0.0,closed,
-8.391925477342312E-16, -0.8 ,0.0,closed,
-8.391925477342312E-16, -0.8 ,0.0,closed,
-8.391925477342312E-16, -0.8 ,0.0,closed,
-8.391925477342312E-16, -0.8 ,0.0,closed,
-8.391925477342312E-16, -0.8 ,0.0,closed,
-8.391925477342312E-16, -0.8 ,0.0,closed,
-8.391925477342312E-16, -0.8 ,0.0,closed,
-8.391925477342312E-16, -0.8 ,0.0,closed,
-8.391925477342312E-16, -0.8 ,0.0,closed,
-8.391925477342312E-16, -0.8 ,0.0,closed,
-8.391925477342312E-16, -0.8 ,0.0,closed,
-8.391925477342312E-16, -0.8 ,0.0,closed,
-8.391925477342312E-16, -0.8 ,0.0,closed,
-8.391925477342312E-16, -0.8 ,0.0,closed,
-8.391925477342312E-16, -0.8 ,0.0,closed,
-8.391925477342312E-16, -0.8 ,0.0,closed,
-8.391925477342312E-16, -0.8 ,0.0,closed,
-8.391925477342312E-16, -0.8 ,0.0,closed,
-8.391925477342312E-16, -0.8 ,0.0,closed,
-8.391925477342312E-16, -0.8 ,0.0,closed,
-8.391925477342312E-16, -0.8 ,0.0,closed,
-8.391925477342312E-16, -0.8 ,0.0,closed,
-8.391925477342312E-16, -0.8 ,0.0,closed,
-8.391925477342312E-16, -0.8 ,0.0,closed,
-8.391925477342312E-16, -0.8 ,0.0,closed,
-8.391925477342312E-16, -0.8 ,0.0,closed,
-8.391925477342312E-16, -0.8 ,0.0,closed,
-8.391925477342312E-16, -0.8 ,0.0,closed,
-8.391925477342312E-16, -0.8 ,0.0,closed,
-8.391925477342312E-16, -0.8 ,0.0,closed,
-8.391925477342312E-16, -0.8 ,0.0,closed,
-8.391925477342312E-16, -0.8 ,0.0,closed,
-8.391925477342312E-16, -0.8 ,0.0,closed,
-8.391925477342312E-16, -0.8 ,0.0,closed,
-8.391925477342312E-16, -0.8 ,0.0,closed,
-8.391925477342312E-16, -0.8 ,0.0,closed,
-8.391925477342312E-16, -0.8 ,0.0,closed,
-8.391925477342312E-16, -0.8 ,0.0,closed,
-8.391925477342312E-16, -0.8 ,0.0,closed,
-8.391925477342312E-16, -0.8 ,0.0,closed,
-8.391925477342312E-16, -0.8 ,0.0,closed,
-8.391925477342312E-16, -0.8 ,0.0,closed,
-8.391925477342312E-16, -0.8 ,0.0,closed,
-8.391925477342312E-16, -0.8 ,0.0,closed,
-8.391925477342312E-16, -0.8 ,0.0,closed,
-8.391925477342312E-16, -0.8 ,0.0,closed,
-8.391925477342312E-16, -0.8 ,0.0,closed,
-8.391925477342312E-16, -0.8 ,0.0,closed,
-8.391925477342312E-16, -0.8 ,0.0,closed,
-8.391925477342312E-16, -0.8 ,0.0,closed,
-8.391925477342312E-16, -0.8 ,0.0,closed,
-8.391925477342312E-16, -0.8 ,0.0,closed,
-8.391925477342312E-16, -0.8 ,0.0,closed,
-8.391925477342312E-16, -0.8 ,0.0,closed,
-8.391925477342312E-16, -0.8 ,0.0,closed,
-8.391925477342312E-16, -0.8 ,0.0,closed,
-8.391925477342312E-16, -0.8 ,0.0,closed,
-8.391925477342312E-16, -0.8 ,0.0,closed,
-8.391925477342312E-16, -0.8 ,0.0,closed,
-8.391925477342312E-16, -0.8 ,0.0,closed,
-8.391925477342312E-16, -0.8 ,0.0,closed,
-8.391925477342312E-16, -0.8 ,0.0,closed,
-8.391925477342312E-16, -0.8 ,0.0,closed,
-8.391925477342312E-16, -0.8 ,0.0,closed,
-8.391925477342312E-16, -0.8 ,0.0,closed,
-8.391925477342312E-16, -0.8 ,0.0,closed,
-8.391925477342312E-16, -0.8 ,0.0,closed,
-8.391925477342312E-16, -0.8 ,0.0,closed,
-8.391925477342312E-16, -0.8 ,0.0,closed,
-8.391925477342312E-16, -0.8 ,0.0,closed,
-8.391925477342312E-16, -0.8 ,0.0,closed,
-8.391925477342312E-16, -0.8 ,0.0,closed,
-8.391925477342312E-16, -0.8 ,0.0,closed,
-8.391925477342312E-16, -0.8 ,0.0,closed,
-8.391925477342312E-16, -0.8 ,0.0,closed,
-8.391925477342312E-16, -0.8 ,0.0,closed,
-8.391925477342312E-16, -0.8 ,0.0,closed,
-8.391925477342312E-16, -0.8 ,0.0,closed,
-8.391925477342312E-16, -0.8 ,0.0,closed,
-8.391925477342312E-16, -0.8 ,0.0,closed,
-8.391925477342312E-16, -0.8 ,0.0,closed,
-8.391925477342312E-16, -0.8 ,0.0,closed,
-8.391925477342312E-16, -0.8 ,0.0,closed,
-8.391925477342312E-16, -0.8 ,0.0,closed,
-8.391925477342312E-16, -0.8 ,0.0,closed,
-8.391925477342312E-16, -0.8 ,0.0,closed,
-8.391925477342312E-16, -0.8 ,0.0,closed,
-8.391925477342312E-16, -0.8 ,0.0,closed,
-8.391925477342312E-16, -0.8 ,0.0,closed,
-8.391925477342312E-16, -0.8 ,0.0,closed,
-8.391925477342312E-16, -0.8 ,0.0,closed,
-8.391925477342312E-16, -0.8 ,0.0,closed,
-8.391925477342312E-16, -0.8 ,0.0,closed,
-8.391925477342312E-16, -0.8 ,0.0,closed,
-8.391925477342312E-16, -0.8 ,0.0,closed,
-8.391925477342312E-16, -0.8 ,0.0,closed,
-8.391925477342312E-16, -0.8 ,0.0,closed,
-8.391925477342312E-16, -0.8 ,0.0,closed,
-8.391925477342312E-16, -0.8 ,0.0,closed,
-8.391925477342312E-16, -0.8 ,0.0,closed,
-8.391925477342312E-16, -0.8 ,0.0,closed,
-8.391925477342312E-16, -0.8 ,0.0,closed,
-8.391925477342312E-16, -0.8 ,0.0,closed,
-8.391925477342312E-16, -0.8 ,0.0,closed,
-8.391925477342312E-16, -0.8 ,0.0,closed,
-8.391925477342312E-16, -0.8 ,0.0,closed,
-8.391925477342312E-16, -0.8 ,0.0,closed,
-8.391925477342312E-16, -0.8 ,0.0,closed,
-8.391925477342312E-16, -0.8 ,0.0,closed,
-8.391925477342312E-16, -0.8 ,0.0,closed,
-8.391925477342312E-16, -0.8 ,0.0,closed,
-8.391925477342312E-16, -0.8 ,0.0,closed,
-8.391925477342312E-16, -0.8 ,0.0,closed,
-8.391925477342312E-16, -0.8 ,0.0,closed,
-8.391925477342312E-16, -0.8 ,0.0,closed,
-8.391925477342312E-16, -0.8 ,0.0,closed,
-8.391925477342312E-16, -0.8 ,0.0,closed,
-8.391925477342312E-16, -0.8 ,0.0,closed,
-8.391925477342312E-16, -0.8 ,0.0,closed,
-8.391925477342312E-16, -0.8 ,0.0,closed,
-8.391925477342312E-16, -0.8 ,0.0,closed,
-8.391925477342312E-16, -0.8 ,0.0,closed,
-8.391925477342312E-16, -0.8 ,0.0,closed,
-8.391925477342312E-16, -0.8 ,0.0,closed,
-8.391925477342312E-16, -0.8 ,0.0,closed,
-8.391925477342312E-16, -0.8 ,0.0,closed,
-8.391925477342312E-16, -0.8 ,0.0,closed,
-8.391925477342312E-16, -0.8 ,0.0,closed,
-8.391925477342312E-16, -0.8 ,0.0,closed,
-8.391925477342312E-16, -0.8 ,0.0,closed,
-8.391925477342312E-16, -0.8 ,0.0,closed,
-8.391925477342312E-16, -0.8 ,0.0,closed,
-8.391925477342312E-16, -0.8 ,0.0,closed,
-8.391925477342312E-16, -0.8 ,0.0,closed,
-8.391925477342312E-16, -0.8 ,0.0,closed,
-8.391925477342312E-16, -0.8 ,0.0,closed,
-8.391925477342312E-16, -0.8 ,0.0,closed,
-8.391925477342312E-16, -0.8 ,0.0,closed,
-8.391925477342312E-16, -0.8 ,0.0,closed,
-8.391925477342312E-16, -0.8 ,0.0,closed,
-8.391925477342312E-16, -0.8 ,0.0,closed,
-8.391925477342312E-16, -0.8 ,0.0,closed,
-8.391925477342312E-16, -0.8 ,0.0,closed,
-8.391925477342312E-16, -0.8 ,0.0,closed,
-8.391925477342312E-16, -0.8 ,0.0,closed,
-8.391925477342312E-16, -0.8 ,0.0,closed,
-8.391925477342312E-16, -0.8 ,0.0,closed,
-8.391925477342312E-16, -0.8 ,0.0,closed,
-8.391925477342312E-16, -0.8 ,0.0,closed,
-8.391925477342312E-16, -0.8 ,0.0,closed,
-8.391925477342312E-16, -0.8 ,0.0,closed,
-8.391925477342312E-16, -0.8 ,0.0,closed,
-8.391925477342312E-16, -0.8 ,0.0,closed,
-8.391925477342312E-16, -0.8 ,0.0,closed,
-8.391925477342312E-16, -0.8 ,0.0,closed,
-8.391925477342312E-16, -0.8 ,0.0,closed,
-8.391925477342312E-16, -0.8 ,0.0,closed,
-8.391925477342312E-16, -0.8 ,0.0,closed,
-8.391925477342312E-16, -0.8 ,0.0,closed,
-8.391925477342312E-16, -0.8 ,0.0,closed,
-8.391925477342312E-16, -0.8 ,0.0,closed,
-8.391925477342312E-16, -0.8 ,0.0,closed,
-8.391925477342312E-16, -0.8 ,0.0,closed,
-8.391925477342312E-16, -0.8 ,0.0,closed,
-8.391925477342312E-16, -0.8 ,0.0,closed,
-8.391925477342312E-16, -0.8 ,0.0,closed,
-8.391925477342312E-16, -0.8 ,0.0,closed,
-8.391925477342312E-16, -0.8 ,0.0,closed,
-8.391925477342312E-16, -0.8 ,0.0,closed,
-8.391925477342312E-16, -0.8 ,0.0,closed,
-8.391925477342312E-16, -0.8 ,0.0,closed,
-8.391925477342312E-16, -0.8 ,0.0,closed,
-8.391925477342312E-16, -0.8 ,0.0,closed,
-8.391925477342312E-16, -0.8 ,0.0,closed,
-8.391925477342312E-16, -0.8 ,0.0,closed,
-8.391925477342312E-16, -0.8 ,0.0,closed,
-8.391925477342312E-16, -0.8 ,0.0,closed,
-8.391925477342312E-16, -0.8 ,0.0,closed,
-8.391925477342312E-16, -0.8 ,0.0,closed,
-8.391925477342312E-16, -0.8 ,0.0,closed,
-8.391925477342312E-16, -0.8 ,0.0,closed,
-8.391925477342312E-16, -0.8 ,0.0,closed,
-8.391925477342312E-16, -0.8 ,0.0,closed,
-8.391925477342312E-16, -0.8 ,0.0,closed,
-8.391925477342312E-16, -0.8 ,0.0,closed,
-8.391925477342312E-16, -0.8 ,0.0,closed,
-8.391925477342312E-16, -0.8 ,0.0,closed,
-8.391925477342312E-16, -0.8 ,0.0,closed,
-8.391925477342312E-16, -0.8 ,0.0,closed,
-8.391925477342312E-16, -0.8 ,0.0,closed,
-8.391925477342312E-16, -0.8 ,0.0,closed,
-8.391925477342312E-16, -0.8 ,0.0,closed,
-8.391925477342312E-16, -0.8 ,0.0,closed,
-8.391925477342312E-16, -0.8 ,0.0,closed,
-8.391925477342312E-16, -0.8 ,0.0,closed,
-8.391925477342312E-16, -0.8 ,0.0,closed,
-8.391925477342312E-16, -0.8 ,0.0,closed,
-8.391925477342312E-16, -0.8 ,0.0,closed,
-8.391925477342312E-16, -0.8 ,0.0,closed,
-8.391925477342312E-16, -0.8 ,0.0,closed,
-8.391925477342312E-16, -0.8 ,0.0,closed,
-8.391925477342312E-16, -0.8 ,0.0,closed,
-8.391925477342312E-16, -0.8 ,0.0,closed,
-8.391925477342312E-16, -0.8 ,0.0,closed,
-8.391925477342312E-16, -0.8 ,0.0,closed,
-8.391925477342312E-16, -0.8 ,0.0,closed,
-8.391925477342312E-16, -0.8 ,0.0,closed,
-8.391925477342312E-16, -0.8 ,0.0,closed,
-8.391925477342312E-16, -0.8 ,0.0,closed,
-8.391925477342312E-16, -0.8 ,0.0,closed,
-8.391925477342312E-16, -0.8 ,0.0,closed,
-8.391925477342312E-16, -0.8 ,0.0,closed,
-8.391925477342312E-16, -0.8 ,0.0,closed,
-8.391925477342312E-16, -0.8 ,0.0,closed,
-8.391925477342312E-16, -0.8 ,0.0,closed,
-8.391925477342312E-16, -0.8 ,0.0,closed,
-8.391925477342312E-16, -0.8 ,0.0,closed,
-8.391925477342312E-16, -0.8 ,0.0,closed,
-8.391925477342312E-16, -0.8 ,0.0,closed,
-8.391925477342312E-16, -0.8 ,0.0,closed,
-8.391925477342312E-16, -0.8 ,0.0,closed,
-8.391925477342312E-16, -0.8 ,0.0,closed,
-8.391925477342312E-16, -0.8 ,0.0,closed,
-8.391925477342312E-16, -0.8 ,0.0,closed,
-8.391925477342312E-16, -0.8 ,0.0,closed,
-8.391925477342312E-16, -0.8 ,0.0,closed,
-8.391925477342312E-16, -0.8 ,0.0,closed,
-8.391925477342312E-16, -0.8 ,0.0,closed,
-8.391925477342312E-16, -0.8 ,0.0,closed,
-8.391925477342312E-16, -0.8 ,0.0,closed,
-8.391925477342312E-16, -0.8 ,0.0,closed,
-8.391925477342312E-16, -0.8 ,0.0,closed,
-8.391925477342312E-16, -0.8 ,0.0,closed,
-8.391925477342312E-16, -0.8 ,0.0,closed,
-8.391925477342312E-16, -0.8 ,0.0,closed,
-8.391925477342312E-16, -0.8 ,0.0,closed,
-8.391925477342312E-16, -0.8 ,0.0,closed,
-8.391925477342312E-16, -0.8 ,0.0,closed,
-8.391925477342312E-16, -0.8 ,0.0,closed,
-8.391925477342312E-16, -0.8 ,0.0,closed,
-8.391925477342312E-16, -0.8 ,0.0,closed,
-8.391925477342312E-16, -0.8 ,0.0,closed,
-8.391925477342312E-16, -0.8 ,0.0,closed,
-8.391925477342312E-16, -0.8 ,0.0,closed,
-8.391925477342312E-16, -0.8 ,0.0,closed,
-8.391925477342312E-16, -0.8 ,0.0,closed,
-8.391925477342312E-16, -0.8 ,0.0,closed,
-8.391925477342312E-16, -0.8 ,0.0,closed,
-8.391925477342312E-16, -0.8 ,0.0,closed,
-8.391925477342312E-16, -0.8 ,0.0,closed,
-8.391925477342312E-16, -0.8 ,0.0,closed,
-8.391925477342312E-16, -0.8 ,0.0,closed,
-8.391925477342312E-16, -0.8 ,0.0,closed,
-8.391925477342312E-16, -0.8 ,0.0,closed,
-8.391925477342312E-16, -0.8 ,0.0,closed,
-8.391925477342312E-16, -0.8 ,0.0,closed,
-8.391925477342312E-16, -0.8 ,0.0,closed,
-8.391925477342312E-16, -0.8 ,0.0,closed,
-8.391925477342312E-16, -0.8 ,0.0,closed,
-8.391925477342312E-16, -0.8 ,0.0,closed,
-8.391925477342312E-16, -0.8 ,0.0,closed,
-8.391925477342312E-16, -0.8 ,0.0,closed,
-8.391925477342312E-16, -0.8 ,0.0,closed,
-8.391925477342312E-16, -0.8 ,0.0,closed,
-8.391925477342312E-16, -0.8 ,0.0,closed,
-8.391925477342312E-16, -0.8 ,0.0,closed,
-8.391925477342312E-16, -0.8 ,0.0,closed,
-8.391925477342312E-16, -0.8 ,0.0,closed,
-8.391925477342312E-16, -0.8 ,0.0,closed,
-8.391925477342312E-16, -0.8 ,0.0,closed,
-8.391925477342312E-16, -0.8 ,0.0,closed,
-8.391925477342312E-16, -0.8 ,0.0,closed,
-8.391925477342312E-16, -0.8 ,0.0,closed,
-8.391925477342312E-16, -0.8 ,0.0,closed,
-8.391925477342312E-16, -0.8 ,0.0,closed,
-8.391925477342312E-16, -0.8 ,0.0,closed,
-8.391925477342312E-16, -0.8 ,0.0,closed,
-8.391925477342312E-16, -0.8 ,0.0,closed,
-8.391925477342312E-16, -0.8 ,0.0,closed,
-8.391925477342312E-16, -0.8 ,0.0,closed,
-8.391925477342312E-16, -0.8 ,0.0,closed,
-8.391925477342312E-16, -0.8 ,0.0,closed,
-8.391925477342312E-16, -0.8 ,0.0,closed,
-8.391925477342312E-16, -0.8 ,0.0,closed,
-8.391925477342312E-16, -0.8 ,0.0,closed,
-8.391925477342312E-16, -0.8 ,0.0,closed,
-8.391925477342312E-16, -0.8 ,0.0,closed,
-8.391925477342312E-16, -0.8 ,0.0,closed,
-8.391925477342312E-16, -0.8 ,0.0,closed,
-8.391925477342312E-16, -0.8 ,0.0,closed,
-8.391925477342312E-16, -0.8 ,0.0,closed,
-8.391925477342312E-16, -0.8 ,0.0,closed,
-8.391925477342312E-16, -0.8 ,0.0,closed,
-8.391925477342312E-16, -0.8 ,0.0,closed,
-8.391925477342312E-16, -0.8 ,0.0,closed,
-8.391925477342312E-16, -0.8 ,0.0,closed,
-8.391925477342312E-16, -0.8 ,0.0,closed,
-8.391925477342312E-16, -0.8 ,0.0,closed,
-8.391925477342312E-16, -0.8 ,0.0,closed,
-8.391925477342312E-16, -0.8 ,0.0,closed,
-8.391925477342312E-16, -0.8 ,0.0,closed,
-8.391925477342312E-16, -0.8 ,0.0,closed,
-8.391925477342312E-16, -0.8 ,0.0,closed,
-8.391925477342312E-16, -0.8 ,0.0,closed,
-8.391925477342312E-16, -0.8 ,0.0,closed,
-8.391925477342312E-16, -0.8 ,0.0,closed,
-8.391925477342312E-16, -0.8 ,0.0,closed,
-8.391925477342312E-16, -0.8 ,0.0,closed,
-8.391925477342312E-16, -0.8 ,0.0,closed,
-8.391925477342312E-16, -0.8 ,0.0,closed,
-8.391925477342312E-16, -0.8 ,0.0,closed,
-8.391925477342312E-16, -0.8 ,0.0,closed,
-8.391925477342312E-16, -0.8 ,0.0,closed,
-8.391925477342312E-16, -0.8 ,0.0,closed,
-8.391925477342312E-16, -0.8 ,0.0,closed,
-8.391925477342312E-16, -0.8 ,0.0,closed,
-8.391925477342312E-16, -0.8 ,0.0,closed,
-8.391925477342312E-16, -0.8 ,0.0,closed,
-8.391925477342312E-16, -0.8 ,0.0,closed,
-8.391925477342312E-16, -0.8 ,0.0,closed,
-8.391925477342312E-16, -0.8 ,0.0,closed,
-8.391925477342312E-16, -0.8 ,0.0,closed,
-8.391925477342312E-16, -0.8 ,0.0,closed,
-8.391925477342312E-16, -0.8 ,0.0,closed,
-8.391925477342312E-16, -0.8 ,0.0,closed,
-8.391925477342312E-16, -0.8 ,0.0,closed,
-8.391925477342312E-16, -0.8 ,0.0,closed,
-8.391925477342312E-16, -0.8 ,0.0,closed,
-8.391925477342312E-16, -0.8 ,0.0,closed,
-8.391925477342312E-16, -0.8 ,0.0,closed,
-8.391925477342312E-16, -0.8 ,0.0,closed,
-8.391925477342312E-16, -0.8 ,0.0,closed,
-8.391925477342312E-16, -0.8 ,0.0,closed,
-8.391925477342312E-16, -0.8 ,0.0,closed,
-8.391925477342312E-16, -0.8 ,0.0,closed,
-8.391925477342312E-16, -0.8 ,0.0,closed,
-8.391925477342312E-16, -0.8 ,0.0,closed,
-8.391925477342312E-16, -0.8 ,0.0,closed,
-8.391925477342312E-16, -0.8 ,0.0,closed,
-8.391925477342312E-16, -0.8 ,0.0,closed,
-8.391925477342312E-16, -0.8 ,0.0,closed,
-8.391925477342312E-16, -0.8 ,0.0,closed,
-8.391925477342312E-16, -0.8 ,0.0,closed,
-8.391925477342312E-16, -0.8 ,0.0,closed,
-8.391925477342312E-16, -0.8 ,0.0,closed,
-8.391925477342312E-16, -0.8 ,0.0,closed,
-8.391925477342312E-16, -0.8 ,0.0,closed,
-8.391925477342312E-16, -0.8 ,0.0,closed,
-8.391925477342312E-16, -0.8 ,0.0,closed,
-8.391925477342312E-16, -0.8 ,0.0,closed,
-8.391925477342312E-16, -0.8 ,0.0,closed,
-8.391925477342312E-16, -0.8 ,0.0,closed,
-8.391925477342312E-16, -0.8 ,0.0,closed,
-8.391925477342312E-16, -0.8 ,0.0,closed,
-8.391925477342312E-16, -0.8 ,0.0,closed,
-8.391925477342312E-16, -0.8 ,0.0,closed,
-8.391925477342312E-16, -0.8 ,0.0,closed,
-8.391925477342312E-16, -0.8 ,0.0,closed,
-8.391925477342312E-16, -0.8 ,0.0,closed,
-8.391925477342312E-16, -0.8 ,0.0,closed,
-8.391925477342312E-16, -0.8 ,0.0,closed,
-8.391925477342312E-16, -0.8 ,0.0,closed,
-8.391925477342312E-16, -0.8 ,0.0,closed,
-8.391925477342312E-16, -0.8 ,0.0,closed,
-8.391925477342312E-16, -0.8 ,0.0,closed,
-8.391925477342312E-16, -0.8 ,0.0,closed,
-8.391925477342312E-16, -0.8 ,0.0,closed,
-8.391925477342312E-16, -0.8 ,0.0,closed,
-8.391925477342312E-16, -0.8 ,0.0,closed,
-8.391925477342312E-16, -0.8 ,0.0,closed,
-8.391925477342312E-16, -0.8 ,0.0,closed,
-8.391925477342312E-16, -0.8 ,0.0,closed,
-8.391925477342312E-16, -0.8 ,0.0,closed,
-8.391925477342312E-16, -0.8 ,0.0,closed,
-8.391925477342312E-16, -0.8 ,0.0,closed,
-8.391925477342312E-16, -0.8 ,0.0,closed,
-8.391925477342312E-16, -0.8 ,0.0,closed,
-8.391925477342312E-16, -0.8 ,0.0,closed,
-8.391925477342312E-16, -0.8 ,0.0,closed,
-8.391925477342312E-16, -0.8 ,0.0,closed,
-8.391925477342312E-16, -0.8 ,0.0,closed,
-8.391925477342312E-16, -0.8 ,0.0,closed,
-8.391925477342312E-16, -0.8 ,0.0,closed,
-8.391925477342312E-16, -0.8 ,0.0,closed,
-8.391925477342312E-16, -0.8 ,0.0,closed,
-8.391925477342312E-16, -0.8 ,0.0,closed,
-8.391925477342312E-16, -0.8 ,0.0,closed,
-8.391925477342312E-16, -0.8 ,0.0,closed,
-8.391925477342312E-16, -0.8 ,0.0,closed,
-8.391925477342312E-16, -0.8 ,0.0,closed,
-8.391925477342312E-16, -0.8 ,0.0,closed,
-8.391925477342312E-16, -0.8 ,0.0,closed,
-8.391925477342312E-16, -0.8 ,0.0,closed,
-8.391925477342312E-16, -0.8 ,0.0,closed,
-8.391925477342312E-16, -0.8 ,0.0,closed,
-8.391925477342312E-16, -0.8 ,0.0,closed,
-8.391925477342312E-16, -0.8 ,0.0,closed,
-8.391925477342312E-16, -0.8 ,0.0,closed,
-8.391925477342312E-16, -0.8 ,0.0,closed,
-8.391925477342312E-16, -0.8 ,0.0,closed,
-8.391925477342312E-16, -0.8 ,0.0,closed,
-8.391925477342312E-16, -0.8 ,0.0,closed,
-8.391925477342312E-16, -0.8 ,0.0,closed,
-8.391925477342312E-16, -0.8 ,0.0,closed,
-8.391925477342312E-16, -0.8 ,0.0,closed,
-8.391925477342312E-16, -0.8 ,0.0,closed,
-8.391925477342312E-16, -0.8 ,0.0,closed,
-8.391925477342312E-16, -0.8 ,0.0,closed,
-8.391925477342312E-16, -0.8 ,0.0,closed,
-8.391925477342312E-16, -0.8 ,0.0,closed,
-8.391925477342312E-16, -0.8 ,0.0,closed,
-8.391925477342312E-16, -0.8 ,0.0,closed,
-8.391925477342312E-16, -0.8 ,0.0,closed,
-8.391925477342312E-16, -0.8 ,0.0,closed,
-8.391925477342312E-16, -0.8 ,0.0,closed,
-8.391925477342312E-16, -0.8 ,0.0,closed,
-8.391925477342312E-16, -0.8 ,0.0,closed,
-8.391925477342312E-16, -0.8 ,0.0,closed,
-8.391925477342312E-16, -0.8 ,0.0,closed,
-8.391925477342312E-16, -0.8 ,0.0,closed,
-8.391925477342312E-16, -0.8 ,0.0,closed,
-8.391925477342312E-16, -0.8 ,0.0,closed,
-8.391925477342312E-16, -0.8 ,0.0,closed,
-8.391925477342312E-16, -0.8 ,0.0,closed,
-8.391925477342312E-16, -0.8 ,0.0,closed,
-8.391925477342312E-16, -0.8 ,0.0,closed,
-8.391925477342312E-16, -0.8 ,0.0,closed,
-8.391925477342312E-16, -0.8 ,0.0,closed,
-8.391925477342312E-16, -0.8 ,0.0,closed,
-8.391925477342312E-16, -0.8 ,0.0,closed,
-8.391925477342312E-16, -0.8 ,0.0,closed,
-8.391925477342312E-16, -0.8 ,0.0,closed,
-8.391925477342312E-16, -0.8 ,0.0,closed,
-8.391925477342312E-16, -0.8 ,0.0,closed,
-8.391925477342312E-16, -0.8 ,0.0,closed,
-8.391925477342312E-16, -0.8 ,0.0,closed,
-8.391925477342312E-16, -0.8 ,0.0,closed,
-8.391925477342312E-16, -0.8 ,0.0,closed,
-8.391925477342312E-16, -0.8 ,0.0,closed,
-8.391925477342312E-16, -0.8 ,0.0,closed,
-8.391925477342312E-16, -0.8 ,0.0,closed,
-8.391925477342312E-16, -0.8 ,0.0,closed,
-8.391925477342312E-16, -0.8 ,0.0,closed,
-8.391925477342312E-16, -0.8 ,0.0,closed,
-8.391925477342312E-16, -0.8 ,0.0,closed,
-8.391925477342312E-16, -0.8 ,0.0,closed,
-8.391925477342312E-16, -0.8 ,0.0,closed,
-8.391925477342312E-16, -0.8 ,0.0,closed,
-8.391925477342312E-16, -0.8 ,0.0,closed,
-8.391925477342312E-16, -0.8 ,0.0,closed,
-8.391925477342312E-16, -0.8 ,0.0,closed,
-8.391925477342312E-16, -0.8 ,0.0,closed,
-8.391925477342312E-16, -0.8 ,0.0,closed,
-8.391925477342312E-16, -0.8 ,0.0,closed,
-8.391925477342312E-16, -0.8 ,0.0,closed,
-8.391925477342312E-16, -0.8 ,0.0,closed,
-8.391925477342312E-16, -0.8 ,0.0,closed,
-8.391925477342312E-16, -0.8 ,0.0,closed,
-8.391925477342312E-16, -0.8 ,0.0,closed,
-8.391925477342312E-16, -0.8 ,0.0,closed,
-8.391925477342312E-16, -0.8 ,0.0,closed,
-8.391925477342312E-16, -0.8 ,0.0,closed,
-8.391925477342312E-16, -0.8 ,0.0,closed,
-8.391925477342312E-16, -0.8 ,0.0,closed,
-8.391925477342312E-16, -0.8 ,0.0,closed,
-8.391925477342312E-16, -0.8 ,0.0,closed,
-8.391925477342312E-16, -0.8 ,0.0,closed,
-8.391925477342312E-16, -0.8 ,0.0,closed,
-8.391925477342312E-16, -0.8 ,0.0,closed,
-8.391925477342312E-16, -0.8 ,0.0,closed,
-8.391925477342312E-16, -0.8 ,0.0,closed,
-8.391925477342312E-16, -0.8 ,0.0,closed,
-8.391925477342312E-16, -0.8 ,0.0,closed,
-8.391925477342312E-16, -0.8 ,0.0,closed,
-8.391925477342312E-16, -0.8 ,0.0,closed,
-8.391925477342312E-16, -0.8 ,0.0,closed,
-8.391925477342312E-16, -0.8 ,0.0,closed,
-8.391925477342312E-16, -0.8 ,0.0,closed,
-8.391925477342312E-16, -0.8 ,0.0,closed,
-8.391925477342312E-16, -0.8 ,0.0,closed,
-8.391925477342312E-16, -0.8 ,0.0,closed,
-8.391925477342312E-16, -0.8 ,0.0,closed,
-8.391925477342312E-16, -0.8 ,0.0,closed,
-8.391925477342312E-16, -0.8 ,0.0,closed,
-8.391925477342312E-16, -0.8 ,0.0,closed,
-8.391925477342312E-16, -0.8 ,0.0,closed,
-8.391925477342312E-16, -0.8 ,0.0,closed,
-8.391925477342312E-16, -0.8 ,0.0,closed,
-8.391925477342312E-16, -0.8 ,0.0,closed,
-8.391925477342312E-16, -0.8 ,0.0,closed,
-8.391925477342312E-16, -0.8 ,0.0,closed,
-8.391925477342312E-16, -0.8 ,0.0,closed,
-8.391925477342312E-16, -0.8 ,0.0,closed,
-8.391925477342312E-16, -0.8 ,0.0,closed,
-8.391925477342312E-16, -0.8 ,0.0,closed,
-8.391925477342312E-16, -0.8 ,0.0,closed,
-8.391925477342312E-16, -0.8 ,0.0,closed,
-8.391925477342312E-16, -0.8 ,0.0,closed,
-8.391925477342312E-16, -0.8 ,0.0,closed,
-8.391925477342312E-16, -0.8 ,0.0,closed,
-8.391925477342312E-16, -0.8 ,0.0,closed,
-8.391925477342312E-16, -0.8 ,0.0,closed,
-8.391925477342312E-16, -0.8 ,0.0,closed,
-8.391925477342312E-16, -0.8 ,0.0,closed,
-8.391925477342312E-16, -0.8 ,0.0,closed,
-8.391925477342312E-16, -0.8 ,0.0,closed,
-8.391925477342312E-16, -0.8 ,0.0,closed,
-8.391925477342312E-16, -0.8 ,0.0,closed,
-8.391925477342312E-16, -0.8 ,0.0,closed,
-8.391925477342312E-16, -0.8 ,0.0,closed,
-8.391925477342312E-16, -0.8 ,0.0,closed,
-8.391925477342312E-16, -0.8 ,0.0,closed,
-8.391925477342312E-16, -0.8 ,0.0,closed,
-8.391925477342312E-16, -0.8 ,0.0,closed,
-8.391925477342312E-16, -0.8 ,0.0,closed,
-8.391925477342312E-16, -0.8 ,0.0,closed,
-8.391925477342312E-16, -0.8 ,0.0,closed,
-8.391925477342312E-16, -0.8 ,0.0,closed,
-8.391925477342312E-16, -0.8 ,0.0,closed,
-8.391925477342312E-16, -0.8 ,0.0,closed,
-8.391925477342312E-16, -0.8 ,0.0,closed,
-8.391925477342312E-16, -0.8 ,0.0,closed,
-8.391925477342312E-16, -0.8 ,0.0,closed,
-8.391925477342312E-16, -0.8 ,0.0,closed,
-8.391925477342312E-16, -0.8 ,0.0,closed,
-8.391925477342312E-16, -0.8 ,0.0,closed,
-8.391925477342312E-16, -0.8 ,0.0,closed,
-8.391925477342312E-16, -0.8 ,0.0,closed,
-8.391925477342312E-16, -0.8 ,0.0,closed,
-8.391925477342312E-16, -0.8 ,0.0,closed,
-8.391925477342312E-16, -0.8 ,0.0,closed,
-8.391925477342312E-16, -0.8 ,0.0,closed,
-8.391925477342312E-16, -0.8 ,0.0,closed,
-8.391925477342312E-16, -0.8 ,0.0,closed,
-8.391925477342312E-16, -0.8 ,0.0,closed,
-8.391925477342312E-16, -0.8 ,0.0,closed,
-8.391925477342312E-16, -0.8 ,0.0,closed,
-8.391925477342312E-16, -0.8 ,0.0,closed,
-8.391925477342312E-16, -0.8 ,0.0,closed,
-8.391925477342312E-16, -0.8 ,0.0,closed,
-8.391925477342312E-16, -0.8 ,0.0,closed,
-8.391925477342312E-16, -0.8 ,0.0,closed,
-8.391925477342312E-16, -0.8 ,0.0,closed,
-8.391925477342312E-16, -0.8 ,0.0,closed,
-8.391925477342312E-16, -0.8 ,0.0,closed,
-8.391925477342312E-16, -0.8 ,0.0,closed,
-8.391925477342312E-16, -0.8 ,0.0,closed,
-8.391925477342312E-16, -0.8 ,0.0,closed,
-8.391925477342312E-16, -0.8 ,0.0,closed,
-8.391925477342312E-16, -0.8 ,0.0,closed,
-8.391925477342312E-16, -0.8 ,0.0,closed,
-8.391925477342312E-16, -0.8 ,0.0,closed,
-8.391925477342312E-16, -0.8 ,0.0,closed,
-8.391925477342312E-16, -0.8 ,0.0,closed,
-8.391925477342312E-16, -0.8 ,0.0,closed,
-8.391925477342312E-16, -0.8 ,0.0,closed,
-8.391925477342312E-16, -0.8 ,0.0,closed,
-8.391925477342312E-16, -0.8 ,0.0,closed,
-8.391925477342312E-16, -0.8 ,0.0,closed,
-8.391925477342312E-16, -0.8 ,0.0,closed,
-8.391925477342312E-16, -0.8 ,0.0,closed,
-8.391925477342312E-16, -0.8 ,0.0,closed,
-8.391925477342312E-16, -0.8 ,0.0,closed,
-8.391925477342312E-16, -0.8 ,0.0,closed,
-8.391925477342312E-16, -0.8 ,0.0,closed,
-8.391925477342312E-16, -0.8 ,0.0,closed,
-8.391925477342312E-16, -0.8 ,0.0,closed,
-8.391925477342312E-16, -0.8 ,0.0,closed,
-8.391925477342312E-16, -0.8 ,0.0,closed,
-8.391925477342312E-16, -0.8 ,0.0,closed,
-8.391925477342312E-16, -0.8 ,0.0,closed,
-8.391925477342312E-16, -0.8 ,0.0,closed,
-8.391925477342312E-16, -0.8 ,0.0,closed,
-8.391925477342312E-16, -0.8 ,0.0,closed,
-8.391925477342312E-16, -0.8 ,0.0,closed,
-8.391925477342312E-16, -0.8 ,0.0,closed,
-8.391925477342312E-16, -0.8 ,0.0,closed,
-8.391925477342312E-16, -0.8 ,0.0,closed,
-8.391925477342312E-16, -0.8 ,0.0,closed,
-8.391925477342312E-16, -0.8 ,0.0,closed,
-8.391925477342312E-16, -0.8 ,0.0,closed,
-8.391925477342312E-16, -0.8 ,0.0,closed,
-8.391925477342312E-16, -0.8 ,0.0,closed,
-8.391925477342312E-16, -0.8 ,0.0,closed,
-8.391925477342312E-16, -0.8 ,0.0,closed,
-8.391925477342312E-16, -0.8 ,0.0,closed,
-8.391925477342312E-16, -0.8 ,0.0,closed,
-8.391925477342312E-16, -0.8 ,0.0,closed,
-8.391925477342312E-16, -0.8 ,0.0,closed,
-8.391925477342312E-16, -0.8 ,0.0,closed,
-8.391925477342312E-16, -0.8 ,0.0,closed,
-8.391925477342312E-16, -0.8 ,0.0,closed,
-8.391925477342312E-16, -0.8 ,0.0,closed,
-8.391925477342312E-16, -0.8 ,0.0,closed,
-8.391925477342312E-16, -0.8 ,0.0,closed,
-8.391925477342312E-16, -0.8 ,0.0,closed,
-8.391925477342312E-16, -0.8 ,0.0,closed,
-8.391925477342312E-16, -0.8 ,0.0,closed,
-8.391925477342312E-16, -0.8 ,0.0,closed,
-8.391925477342312E-16, -0.8 ,0.0,closed,
-8.391925477342312E-16, -0.8 ,0.0,closed,
-8.391925477342312E-16, -0.8 ,0.0,closed,
-8.391925477342312E-16, -0.8 ,0.0,closed,
-8.391925477342312E-16, -0.8 ,0.0,closed,
-8.391925477342312E-16, -0.8 ,0.0,closed,
-8.391925477342312E-16, -0.8 ,0.0,closed,
-8.391925477342312E-16, -0.8 ,0.0,closed,
-8.391925477342312E-16, -0.8 ,0.0,closed,
-8.391925477342312E-16, -0.8 ,0.0,closed,
-8.391925477342312E-16, -0.8 ,0.0,closed,
-8.391925477342312E-16, -0.8 ,0.0,closed,
-8.391925477342312E-16, -0.8 ,0.0,closed,
-8.391925477342312E-16, -0.8 ,0.0,closed,
-8.391925477342312E-16, -0.8 ,0.0,closed,
-8.391925477342312E-16, -0.8 ,0.0,closed,
-8.391925477342312E-16, -0.8 ,0.0,closed,
-8.391925477342312E-16, -0.8 ,0.0,closed,
-8.391925477342312E-16, -0.8 ,0.0,closed,
-8.391925477342312E-16, -0.8 ,0.0,closed,
-8.391925477342312E-16, -0.8 ,0.0,closed,
-8.391925477342312E-16, -0.8 ,0.0,closed,
-8.391925477342312E-16, -0.8 ,0.0,closed,
-8.391925477342312E-16, -0.8 ,0.0,closed,
-8.391925477342312E-16, -0.8 ,0.0,closed,
-8.391925477342312E-16, -0.8 ,0.0,closed,
-8.391925477342312E-16, -0.8 ,0.0,closed,
-8.391925477342312E-16, -0.8 ,0.0,closed,
-8.391925477342312E-16, -0.8 ,0.0,closed,
-8.391925477342312E-16, -0.8 ,0.0,closed,
-8.391925477342312E-16, -0.8 ,0.0,closed,
-8.391925477342312E-16, -0.8 ,0.0,closed,
-8.391925477342312E-16, -0.8 ,0.0,closed,
-8.391925477342312E-16, -0.8 ,0.0,closed,
-8.391925477342312E-16, -0.8 ,0.0,closed,
-8.391925477342312E-16, -0.8 ,0.0,closed,
-8.391925477342312E-16, -0.8 ,0.0,closed,
-8.391925477342312E-16, -0.8 ,0.0,closed,
-8.391925477342312E-16, -0.8 ,0.0,closed,
-8.391925477342312E-16, -0.8 ,0.0,closed,
-8.391925477342312E-16, -0.8 ,0.0,closed,
-8.391925477342312E-16, -0.8 ,0.0,closed,
-8.391925477342312E-16, -0.8 ,0.0,closed,
-8.391925477342312E-16, -0.8 ,0.0,closed,
-8.391925477342312E-16, -0.8 ,0.0,closed,
-8.391925477342312E-16, -0.8 ,0.0,closed,
-8.391925477342312E-16, -0.8 ,0.0,closed,
-8.391925477342312E-16, -0.8 ,0.0,closed,
-8.391925477342312E-16, -0.8 ,0.0,closed,
-8.391925477342312E-16, -0.8 ,0.0,closed,
-8.391925477342312E-16, -0.8 ,0.0,closed,
-8.391925477342312E-16, -0.8 ,0.0,closed,
-8.391925477342312E-16, -0.8 ,0.0,closed,
-8.391925477342312E-16, -0.8 ,0.0,closed,
-8.391925477342312E-16, -0.8 ,0.0,closed,
-8.391925477342312E-16, -0.8 ,0.0,closed,
-8.391925477342312E-16, -0.8 ,0.0,closed,
-8.391925477342312E-16, -0.8 ,0.0,closed,
-8.391925477342312E-16, -0.8 ,0.0,closed,
-8.391925477342312E-16, -0.8 ,0.0,closed,
-8.391925477342312E-16, -0.8 ,0.0,closed,
-8.391925477342312E-16, -0.8 ,0.0,closed,
-8.391925477342312E-16, -0.8 ,0.0,closed,
-8.391925477342312E-16, -0.8 ,0.0,closed,
-8.391925477342312E-16, -0.8 ,0.0,closed,
-8.391925477342312E-16, -0.8 ,0.0,closed,
-8.391925477342312E-16, -0.8 ,0.0,closed,
-8.391925477342312E-16, -0.8 ,0.0,closed,
-8.391925477342312E-16, -0.8 ,0.0,closed,
-8.391925477342312E-16, -0.8 ,0.0,closed,
-8.391925477342312E-16, -0.8 ,0.0,closed,
-8.391925477342312E-16, -0.8 ,0.0,closed,
-8.391925477342312E-16, -0.8 ,0.0,closed,
-8.391925477342312E-16, -0.8 ,0.0,closed,
-8.391925477342312E-16, -0.8 ,0.0,closed,
-8.391925477342312E-16, -0.8 ,0.0,closed,
-8.391925477342312E-16, -0.8 ,0.0,closed,
-8.391925477342312E-16, -0.8 ,0.0,closed,
-8.391925477342312E-16, -0.8 ,0.0,closed,
-8.391925477342312E-16, -0.8 ,0.0,closed,
-8.391925477342312E-16, -0.8 ,0.0,closed,
-8.391925477342312E-16, -0.8 ,0.0,closed,
-8.391925477342312E-16, -0.8 ,0.0,closed,
-8.391925477342312E-16, -0.8 ,0.0,closed,
-8.391925477342312E-16, -0.8 ,0.0,closed,
-8.391925477342312E-16, -0.8 ,0.0,closed,
-8.391925477342312E-16, -0.8 ,0.0,closed,
-8.391925477342312E-16, -0.8 ,0.0,closed,
-8.391925477342312E-16, -0.8 ,0.0,closed,
-8.391925477342312E-16, -0.8 ,0.0,closed,
-8.391925477342312E-16, -0.8 ,0.0,closed,
-8.391925477342312E-16, -0.8 ,0.0,closed,
-8.391925477342312E-16, -0.8 ,0.0,closed,
-8.391925477342312E-16, -0.8 ,0.0,closed,
-8.391925477342312E-16, -0.8 ,0.0,closed,
-8.391925477342312E-16, -0.8 ,0.0,closed,
-8.391925477342312E-16, -0.8 ,0.0,closed,
-8.391925477342312E-16, -0.8 ,0.0,closed,
-8.391925477342312E-16, -0.8 ,0.0,closed,
-8.391925477342312E-16, -0.8 ,0.0,closed,
-8.391925477342312E-16, -0.8 ,0.0,closed,
-8.391925477342312E-16, -0.8 ,0.0,closed,
-8.391925477342312E-16, -0.8 ,0.0,closed,
-8.391925477342312E-16, -0.8 ,0.0,closed,
-8.391925477342312E-16, -0.8 ,0.0,closed,
-8.391925477342312E-16, -0.8 ,0.0,closed,
-8.391925477342312E-16, -0.8 ,0.0,closed,
-8.391925477342312E-16, -0.8 ,0.0,closed,
-8.391925477342312E-16, -0.8 ,0.0,closed,
-8.391925477342312E-16, -0.8 ,0.0,closed,
-8.391925477342312E-16, -0.8 ,0.0,closed,
-8.391925477342312E-16, -0.8 ,0.0,closed,
-8.391925477342312E-16, -0.8 ,0.0,closed,
-8.391925477342312E-16, -0.8 ,0.0,closed,
-8.391925477342312E-16, -0.8 ,0.0,closed,
-8.391925477342312E-16, -0.8 ,0.0,closed,
-8.391925477342312E-16, -0.8 ,0.0,closed,
-8.391925477342312E-16, -0.8 ,0.0,closed,
-8.391925477342312E-16, -0.8 ,0.0,closed,
-8.391925477342312E-16, -0.8 ,0.0,closed,
-8.391925477342312E-16, -0.8 ,0.0,closed,
-8.391925477342312E-16, -0.8 ,0.0,closed,
-8.391925477342312E-16, -0.8 ,0.0,closed,
-8.391925477342312E-16, -0.8 ,0.0,closed,
-8.391925477342312E-16, -0.8 ,0.0,closed,
-8.391925477342312E-16, -0.8 ,0.0,closed,
-8.391925477342312E-16, -0.8 ,0.0,closed,
-8.391925477342312E-16, -0.8 ,0.0,closed,
-8.391925477342312E-16, -0.8 ,0.0,closed,
-8.391925477342312E-16, -0.8 ,0.0,closed,
-8.391925477342312E-16, -0.8 ,0.0,closed,
-8.391925477342312E-16, -0.8 ,0.0,closed,
-8.391925477342312E-16, -0.8 ,0.0,closed,
-8.391925477342312E-16, -0.8 ,0.0,closed,
-8.391925477342312E-16, -0.8 ,0.0,closed,
-8.391925477342312E-16, -0.8 ,0.0,closed,
-8.391925477342312E-16, -0.8 ,0.0,closed,
-8.391925477342312E-16, -0.8 ,0.0,closed,
-8.391925477342312E-16, -0.8 ,0.0,closed,
-8.391925477342312E-16, -0.8 ,0.0,closed,
-8.391925477342312E-16, -0.8 ,0.0,closed,
-8.391925477342312E-16, -0.8 ,0.0,closed,
-8.391925477342312E-16, -0.8 ,0.0,closed,
-8.391925477342312E-16, -0.8 ,0.0,closed,
-8.391925477342312E-16, -0.8 ,0.0,closed,
-8.391925477342312E-16, -0.8 ,0.0,closed,
-8.391925477342312E-16, -0.8 ,0.0,closed,
-8.391925477342312E-16, -0.8 ,0.0,closed,
-8.391925477342312E-16, -0.8 ,0.0,closed,
-8.391925477342312E-16, -0.8 ,0.0,closed,
-8.391925477342312E-16, -0.8 ,0.0,closed,
-8.391925477342312E-16, -0.8 ,0.0,closed,
-8.391925477342312E-16, -0.8 ,0.0,closed,
-8.391925477342312E-16, -0.8 ,0.0,closed,
-8.391925477342312E-16, -0.8 ,0.0,closed,
-8.391925477342312E-16, -0.8 ,0.0,closed,
-8.391925477342312E-16, -0.8 ,0.0,closed,
-8.391925477342312E-16, -0.8 ,0.0,closed,
-8.391925477342312E-16, -0.8 ,0.0,closed,
-8.391925477342312E-16, -0.8 ,0.0,closed,
-8.391925477342312E-16, -0.8 ,0.0,closed,
-8.391925477342312E-16, -0.8 ,0.0,closed,
-8.391925477342312E-16, -0.8 ,0.0,closed,
-8.391925477342312E-16, -0.8 ,0.0,closed,
-8.391925477342312E-16, -0.8 ,0.0,closed,
-8.391925477342312E-16, -0.8 ,0.0,closed,
-8.391925477342312E-16, -0.8 ,0.0,closed,
-8.391925477342312E-16, -0.8 ,0.0,closed,
-8.391925477342312E-16, -0.8 ,0.0,closed,
-8.391925477342312E-16, -0.8 ,0.0,closed,
-8.391925477342312E-16, -0.8 ,0.0,closed,
-8.391925477342312E-16, -0.8 ,0.0,closed,
-8.391925477342312E-16, -0.8 ,0.0,closed,
-8.391925477342312E-16, -0.8 ,0.0,closed,
-8.391925477342312E-16, -0.8 ,0.0,closed,
-8.391925477342312E-16, -0.8 ,0.0,closed,
-8.391925477342312E-16, -0.8 ,0.0,closed,
-8.391925477342312E-16, -0.8 ,0.0,closed,
-8.391925477342312E-16, -0.8 ,0.0,closed,
-8.391925477342312E-16, -0.8 ,0.0,closed,
-8.391925477342312E-16, -0.8 ,0.0,closed,
-8.391925477342312E-16, -0.8 ,0.0,closed,
-8.391925477342312E-16, -0.8 ,0.0,closed,
-8.391925477342312E-16, -0.8 ,0.0,closed,
-8.391925477342312E-16, -0.8 ,0.0,closed,
-8.391925477342312E-16, -0.8 ,0.0,closed,
-8.391925477342312E-16, -0.8 ,0.0,closed,
-8.391925477342312E-16, -0.8 ,0.0,closed,
-8.391925477342312E-16, -0.8 ,0.0,closed,
-8.391925477342312E-16, -0.8 ,0.0,closed,
-8.391925477342312E-16, -0.8 ,0.0,closed,
-8.391925477342312E-16, -0.8 ,0.0,closed,
-8.391925477342312E-16, -0.8 ,0.0,closed,
-8.391925477342312E-16, -0.8 ,0.0,closed,
-8.391925477342312E-16, -0.8 ,0.0,closed,
-8.391925477342312E-16, -0.8 ,0.0,closed,
-8.391925477342312E-16, -0.8 ,0.0,closed,
-8.391925477342312E-16, -0.8 ,0.0,closed,
-8.391925477342312E-16, -0.8 ,0.0,closed,
-8.391925477342312E-16, -0.8 ,0.0,closed,
-8.391925477342312E-16, -0.8 ,0.0,closed,
-8.391925477342312E-16, -0.8 ,0.0,closed,
-8.391925477342312E-16, -0.8 ,0.0,closed,
-8.391925477342312E-16, -0.8 ,0.0,closed,
-8.391925477342312E-16, -0.8 ,0.0,closed,
-8.391925477342312E-16, -0.8 ,0.0,closed,
-8.391925477342312E-16, -0.8 ,0.0,closed,
-8.391925477342312E-16, -0.8 ,0.0,closed,
-8.391925477342312E-16, -0.8 ,0.0,closed,
-8.391925477342312E-16, -0.8 ,0.0,closed,
-8.391925477342312E-16, -0.8 ,0.0,closed,
-8.391925477342312E-16, -0.8 ,0.0,closed,
-8.391925477342312E-16, -0.8 ,0.0,closed,
-8.391925477342312E-16, -0.8 ,0.0,closed,
-8.391925477342312E-16, -0.8 ,0.0,closed,
-8.391925477342312E-16, -0.8 ,0.0,closed,
-8.391925477342312E-16, -0.8 ,0.0,closed,
-8.391925477342312E-16, -0.8 ,0.0,closed,
-8.391925477342312E-16, -0.8 ,0.0,closed,
-8.391925477342312E-16, -0.8 ,0.0,closed,
-8.391925477342312E-16, -0.8 ,0.0,closed,
-8.391925477342312E-16, -0.8 ,0.0,closed,
-8.391925477342312E-16, -0.8 ,0.0,closed,
-8.391925477342312E-16, -0.8 ,0.0,closed,
-8.391925477342312E-16, -0.8 ,0.0,closed,
-8.391925477342312E-16, -0.8 ,0.0,closed,
-8.391925477342312E-16, -0.8 ,0.0,closed,
-8.391925477342312E-16, -0.8 ,0.0,closed,
-8.391925477342312E-16, -0.8 ,0.0,closed,
-8.391925477342312E-16, -0.8 ,0.0,closed,
-8.391925477342312E-16, -0.8 ,0.0,closed,
-8.391925477342312E-16, -0.8 ,0.0,closed,
-8.391925477342312E-16, -0.8 ,0.0,closed,
-8.391925477342312E-16, -0.8 ,0.0,closed,
-8.391925477342312E-16, -0.8 ,0.0,closed,
-8.391925477342312E-16, -0.8 ,0.0,closed,
-8.391925477342312E-16, -0.8 ,0.0,closed,
-8.391925477342312E-16, -0.8 ,0.0,closed,
-8.391925477342312E-16, -0.8 ,0.0,closed,
-8.391925477342312E-16, -0.8 ,0.0,closed,
-8.391925477342312E-16, -0.8 ,0.0,closed,
-8.391925477342312E-16, -0.8 ,0.0,closed,
-8.391925477342312E-16, -0.8 ,0.0,closed,
-8.391925477342312E-16, -0.8 ,0.0,closed,
-8.391925477342312E-16, -0.8 ,0.0,closed,
-8.391925477342312E-16, -0.8 ,0.0,closed,
-8.391925477342312E-16, -0.8 ,0.0,closed,
-8.391925477342312E-16, -0.8 ,0.0,closed,
-8.391925477342312E-16, -0.8 ,0.0,closed,
-8.391925477342312E-16, -0.8 ,0.0,closed,
-8.391925477342312E-16, -0.8 ,0.0,closed,
-8.391925477342312E-16, -0.8 ,0.0,closed,
-8.391925477342312E-16, -0.8 ,0.0,closed,
-8.391925477342312E-16, -0.8 ,0.0,closed,
-8.391925477342312E-16, -0.8 ,0.0,closed,
-8.391925477342312E-16, -0.8 ,0.0,closed,
-8.391925477342312E-16, -0.8 ,0.0,closed,
-8.391925477342312E-16, -0.8 ,0.0,closed,
-8.391925477342312E-16, -0.8 ,0.0,closed,
-8.391925477342312E-16, -0.8 ,0.0,closed,
-8.391925477342312E-16, -0.8 ,0.0,closed,
-8.391925477342312E-16, -0.8 ,0.0,closed,
-8.391925477342312E-16, -0.8 ,0.0,closed,
-8.391925477342312E-16, -0.8 ,0.0,closed,
-8.391925477342312E-16, -0.8 ,0.0,closed,
-8.391925477342312E-16, -0.8 ,0.0,closed,
-8.391925477342312E-16, -0.8 ,0.0,closed,
-8.391925477342312E-16, -0.8 ,0.0,closed,
-8.391925477342312E-16, -0.8 ,0.0,closed,
-8.391925477342312E-16, -0.8 ,0.0,closed,
-8.391925477342312E-16, -0.8 ,0.0,closed,
-8.391925477342312E-16, -0.8 ,0.0,closed,
-8.391925477342312E-16, -0.8 ,0.0,closed,
-8.391925477342312E-16, -0.8 ,0.0,closed,
-8.391925477342312E-16, -0.8 ,0.0,closed,
-8.391925477342312E-16, -0.8 ,0.0,closed,
-8.391925477342312E-16, -0.8 ,0.0,closed,
-8.391925477342312E-16, -0.8 ,0.0,closed,
-8.391925477342312E-16, -0.8 ,0.0,closed,
-8.391925477342312E-16, -0.8 ,0.0,closed,
-8.391925477342312E-16, -0.8 ,0.0,closed,
-8.391925477342312E-16, -0.8 ,0.0,closed,
-8.391925477342312E-16, -0.8 ,0.0,closed,
-8.391925477342312E-16, -0.8 ,0.0,closed,
-8.391925477342312E-16, -0.8 ,0.0,closed,
-8.391925477342312E-16, -0.8 ,0.0,closed,
-8.391925477342312E-16, -0.8 ,0.0,closed,
-8.391925477342312E-16, -0.8 ,0.0,closed,
-8.391925477342312E-16, -0.8 ,0.0,closed,
-8.391925477342312E-16, -0.8 ,0.0,closed,
-8.391925477342312E-16, -0.8 ,0.0,closed,
-8.391925477342312E-16, -0.8 ,0.0,closed,
-8.391925477342312E-16, -0.8 ,0.0,closed,
-8.391925477342312E-16, -0.8 ,0.0,closed,
-8.391925477342312E-16, -0.8 ,0.0,closed,
-8.391925477342312E-16, -0.8 ,0.0,closed,
-8.391925477342312E-16, -0.8 ,0.0,closed,
-8.391925477342312E-16, -0.8 ,0.0,closed,
-8.391925477342312E-16, -0.8 ,0.0,closed,
-8.391925477342312E-16, -0.8 ,0.0,closed,
-8.391925477342312E-16, -0.8 ,0.0,closed,
-8.391925477342312E-16, -0.8 ,0.0,closed,
-8.391925477342312E-16, -0.8 ,0.0,closed,
-8.391925477342312E-16, -0.8 ,0.0,closed,
-8.391925477342312E-16, -0.8 ,0.0,closed,
-8.391925477342312E-16, -0.8 ,0.0,closed,
-8.391925477342312E-16, -0.8 ,0.0,closed,
-8.391925477342312E-16, -0.8 ,0.0,closed,
-8.391925477342312E-16, -0.8 ,0.0,closed,
-8.391925477342312E-16, -0.8 ,0.0,closed,
-8.391925477342312E-16, -0.8 ,0.0,closed,
-8.391925477342312E-16, -0.8 ,0.0,closed,
-8.391925477342312E-16, -0.8 ,0.0,closed,
-8.391925477342312E-16, -0.8 ,0.0,closed,
-8.391925477342312E-16, -0.8 ,0.0,closed,
-8.391925477342312E-16, -0.8 ,0.0,closed,
-8.391925477342312E-16, -0.8 ,0.0,closed,
-8.391925477342312E-16, -0.8 ,0.0,closed,
-8.391925477342312E-16, -0.8 ,0.0,closed,
-8.391925477342312E-16, -0.8 ,0.0,closed,
-8.391925477342312E-16, -0.8 ,0.0,closed,
-8.391925477342312E-16, -0.8 ,0.0,closed,
-8.391925477342312E-16, -0.8 ,0.0,closed,
-8.391925477342312E-16, -0.8 ,0.0,closed,
-8.391925477342312E-16, -0.8 ,0.0,closed,
-8.391925477342312E-16, -0.8 ,0.0,closed,
-8.391925477342312E-16, -0.8 ,0.0,closed,
-8.391925477342312E-16, -0.8 ,0.0,closed,
-8.391925477342312E-16, -0.8 ,0.0,closed,
-8.391925477342312E-16, -0.8 ,0.0,closed,
-8.391925477342312E-16, -0.8 ,0.0,closed,
-8.391925477342312E-16, -0.8 ,0.0,closed,
-8.391925477342312E-16, -0.8 ,0.0,closed,
-8.391925477342312E-16, -0.8 ,0.0,closed,
-8.391925477342312E-16, -0.8 ,0.0,closed,
-8.391925477342312E-16, -0.8 ,0.0,closed,
-8.391925477342312E-16, -0.8 ,0.0,closed,
-8.391925477342312E-16, -0.8 ,0.0,closed,
-8.391925477342312E-16, -0.8 ,0.0,closed,
-8.391925477342312E-16, -0.8 ,0.0,closed,
-8.391925477342312E-16, -0.8 ,0.0,closed,
-8.391925477342312E-16, -0.8 ,0.0,closed,
-8.391925477342312E-16, -0.8 ,0.0,closed,
-8.391925477342312E-16, -0.8 ,0.0,closed,
-8.391925477342312E-16, -0.8 ,0.0,closed,
-8.391925477342312E-16, -0.8 ,0.0,closed,
-8.391925477342312E-16, -0.8 ,0.0,closed,
-8.391925477342312E-16, -0.8 ,0.0,closed,
-8.391925477342312E-16, -0.8 ,0.0,closed,
-8.391925477342312E-16, -0.8 ,0.0,closed,
-8.391925477342312E-16, -0.8 ,0.0,closed,
-8.391925477342312E-16, -0.8 ,0.0,closed,
-8.391925477342312E-16, -0.8 ,0.0,closed,
-8.391925477342312E-16, -0.8 ,0.0,closed,
-8.391925477342312E-16, -0.8 ,0.0,closed,
-8.391925477342312E-16, -0.8 ,0.0,closed,
-8.391925477342312E-16, -0.8 ,0.0,closed,
-8.391925477342312E-16, -0.8 ,0.0,closed,
-8.391925477342312E-16, -0.8 ,0.0,closed,
-8.391925477342312E-16, -0.8 ,0.0,closed,
-8.391925477342312E-16, -0.8 ,0.0,closed,
-8.391925477342312E-16, -0.8 ,0.0,closed,
-8.391925477342312E-16, -0.8 ,0.0,closed,
-8.391925477342312E-16, -0.8 ,0.0,closed,
-8.391925477342312E-16, -0.8 ,0.0,closed,
-8.391925477342312E-16, -0.8 ,0.0,closed,
-8.391925477342312E-16, -0.8 ,0.0,closed,
-8.391925477342312E-16, -0.8 ,0.0,closed,
-8.391925477342312E-16, -0.8 ,0.0,closed,
-8.391925477342312E-16, -0.8 ,0.0,closed,
-8.391925477342312E-16, -0.8 ,0.0,closed,
-8.391925477342312E-16, -0.8 ,0.0,closed,
-8.391925477342312E-16, -0.8 ,0.0,closed,
-8.391925477342312E-16, -0.8 ,0.0,closed,
-8.391925477342312E-16, -0.8 ,0.0,closed,
-8.391925477342312E-16, -0.8 ,0.0,closed,
-8.391925477342312E-16, -0.8 ,0.0,closed,
-8.391925477342312E-16, -0.8 ,0.0,closed,
-8.391925477342312E-16, -0.8 ,0.0,closed,
-8.391925477342312E-16, -0.8 ,0.0,closed,
-8.391925477342312E-16, -0.8 ,0.0,closed,
-8.391925477342312E-16, -0.8 ,0.0,closed,
-8.391925477342312E-16, -0.8 ,0.0,closed,
-8.391925477342312E-16, -0.8 ,0.0,closed,
-8.391925477342312E-16, -0.8 ,0.0,closed,
-8.391925477342312E-16, -0.8 ,0.0,closed,
-8.391925477342312E-16, -0.8 ,0.0,closed,
-8.391925477342312E-16, -0.8 ,0.0,closed,
-8.391925477342312E-16, -0.8 ,0.0,closed,
-8.391925477342312E-16, -0.8 ,0.0,closed,
-8.391925477342312E-16, -0.8 ,0.0,closed,
-8.391925477342312E-16, -0.8 ,0.0,closed,
-8.391925477342312E-16, -0.8 ,0.0,closed,
-8.391925477342312E-16, -0.8 ,0.0,closed,
-8.391925477342312E-16, -0.8 ,0.0,closed,
-8.391925477342312E-16, -0.8 ,0.0,closed,
-8.391925477342312E-16, -0.8 ,0.0,closed,
-8.391925477342312E-16, -0.8 ,0.0,closed,
-8.391925477342312E-16, -0.8 ,0.0,closed,
-8.391925477342312E-16, -0.8 ,0.0,closed,
-8.391925477342312E-16, -0.8 ,0.0,closed,
-8.391925477342312E-16, -0.8 ,0.0,closed,
-8.391925477342312E-16, -0.8 ,0.0,closed,
-8.391925477342312E-16, -0.8 ,0.0,closed,
-8.391925477342312E-16, -0.8 ,0.0,closed,
-8.391925477342312E-16, -0.8 ,0.0,closed,
-8.391925477342312E-16, -0.8 ,0.0,closed,
-8.391925477342312E-16, -0.8 ,0.0,closed,
-8.391925477342312E-16, -0.8 ,0.0,closed,
-8.391925477342312E-16, -0.8 ,0.0,closed,
-8.391925477342312E-16, -0.8 ,0.0,closed,
-8.391925477342312E-16, -0.8 ,0.0,closed,
-8.391925477342312E-16, -0.8 ,0.0,closed,
-8.391925477342312E-16, -0.8 ,0.0,closed,
-8.391925477342312E-16, -0.8 ,0.0,closed,
-8.391925477342312E-16, -0.8 ,0.0,closed,
-8.391925477342312E-16, -0.8 ,0.0,closed,
-8.391925477342312E-16, -0.8 ,0.0,closed,
-8.391925477342312E-16, -0.8 ,0.0,closed,
-8.391925477342312E-16, -0.8 ,0.0,closed,
-8.391925477342312E-16, -0.8 ,0.0,closed,
-8.391925477342312E-16, -0.8 ,0.0,closed,
-8.391925477342312E-16, -0.8 ,0.0,closed,
-8.391925477342312E-16, -0.8 ,0.0,closed,
-8.391925477342312E-16, -0.8 ,0.0,closed,
-8.391925477342312E-16, -0.8 ,0.0,closed,
-8.391925477342312E-16, -0.8 ,0.0,closed,
-8.391925477342312E-16, -0.8 ,0.0,closed,
-8.391925477342312E-16, -0.8 ,0.0,closed,
-8.391925477342312E-16, -0.8 ,0.0,closed,
-8.391925477342312E-16, -0.8 ,0.0,closed,
-8.391925477342312E-16, -0.8 ,0.0,closed,
-8.391925477342312E-16, -0.8 ,0.0,closed,
-8.391925477342312E-16, -0.8 ,0.0,closed,
-8.391925477342312E-16, -0.8 ,0.0,closed,
-8.391925477342312E-16, -0.8 ,0.0,closed,
-8.391925477342312E-16, -0.8 ,0.0,closed,
-8.391925477342312E-16, -0.8 ,0.0,closed,
-8.391925477342312E-16, -0.8 ,0.0,closed,
-8.391925477342312E-16, -0.8 ,0.0,closed,
-8.391925477342312E-16, -0.8 ,0.0,closed,
-8.391925477342312E-16, -0.8 ,0.0,closed,
-8.391925477342312E-16, -0.8 ,0.0,closed,
-8.391925477342312E-16, -0.8 ,0.0,closed,
-8.391925477342312E-16, -0.8 ,0.0,closed,
-8.391925477342312E-16, -0.8 ,0.0,closed,
-8.391925477342312E-16, -0.8 ,0.0,closed,
-8.391925477342312E-16, -0.8 ,0.0,closed,
-8.391925477342312E-16, -0.8 ,0.0,closed,
-8.391925477342312E-16, -0.8 ,0.0,closed,
-8.391925477342312E-16, -0.8 ,0.0,closed,
-8.391925477342312E-16, -0.8 ,0.0,closed,
-8.391925477342312E-16, -0.8 ,0.0,closed,
-8.391925477342312E-16, -0.8 ,0.0,closed,
-8.391925477342312E-16, -0.8 ,0.0,closed,
-8.391925477342312E-16, -0.8 ,0.0,closed,
-8.391925477342312E-16, -0.8 ,0.0,closed,
-8.391925477342312E-16, -0.8 ,0.0,closed,
-8.391925477342312E-16, -0.8 ,0.0,closed,
-8.391925477342312E-16, -0.8 ,0.0,closed,
-8.391925477342312E-16, -0.8 ,0.0,closed,
-8.391925477342312E-16, -0.8 ,0.0,closed,
-8.391925477342312E-16, -0.8 ,0.0,closed,
-8.391925477342312E-16, -0.8 ,0.0,closed,
-8.391925477342312E-16, -0.8 ,0.0,closed,
-8.391925477342312E-16, -0.8 ,0.0,closed,
-8.391925477342312E-16, -0.8 ,0.0,closed,
-8.391925477342312E-16, -0.8 ,0.0,closed,
-8.391925477342312E-16, -0.8 ,0.0,closed,
-8.391925477342312E-16, -0.8 ,0.0,closed,
-8.391925477342312E-16, -0.8 ,0.0,closed,
-8.391925477342312E-16, -0.8 ,0.0,closed,
-8.391925477342312E-16, -0.8 ,0.0,closed,
-8.391925477342312E-16, -0.8 ,0.0,closed,
-8.391925477342312E-16, -0.8 ,0.0,closed,
-8.391925477342312E-16, -0.8 ,0.0,closed,
-8.391925477342312E-16, -0.8 ,0.0,closed,
-8.391925477342312E-16, -0.8 ,0.0,closed,
-8.391925477342312E-16, -0.8 ,0.0,closed,
-8.391925477342312E-16, -0.8 ,0.0,closed,
-8.391925477342312E-16, -0.8 ,0.0,closed,
-8.391925477342312E-16, -0.8 ,0.0,closed,
-8.391925477342312E-16, -0.8 ,0.0,closed,
-8.391925477342312E-16, -0.8 ,0.0,closed,
-8.391925477342312E-16, -0.8 ,0.0,closed,
-8.391925477342312E-16, -0.8 ,0.0,closed,
-8.391925477342312E-16, -0.8 ,0.0,closed,
-8.391925477342312E-16, -0.8 ,0.0,closed,
-8.391925477342312E-16, -0.8 ,0.0,closed,
-8.391925477342312E-16, -0.8 ,0.0,closed,
-8.391925477342312E-16, -0.8 ,0.0,closed,
-8.391925477342312E-16, -0.8 ,0.0,closed,
-8.391925477342312E-16, -0.8 ,0.0,closed,
-8.391925477342312E-16, -0.8 ,0.0,closed,
-8.391925477342312E-16, -0.8 ,0.0,closed,
-8.391925477342312E-16, -0.8 ,0.0,closed,
-8.391925477342312E-16, -0.8 ,0.0,closed,
-8.391925477342312E-16, -0.8 ,0.0,closed,
-8.391925477342312E-16, -0.8 ,0.0,closed,
-8.391925477342312E-16, -0.8 ,0.0,closed,
-8.391925477342312E-16, -0.8 ,0.0,closed,
-8.391925477342312E-16, -0.8 ,0.0,closed,
-8.391925477342312E-16, -0.8 ,0.0,closed,
-8.391925477342312E-16, -0.8 ,0.0,closed,
-8.391925477342312E-16, -0.8 ,0.0,closed,
-8.391925477342312E-16, -0.8 ,0.0,closed,
-8.391925477342312E-16, -0.8 ,0.0,closed,
-8.391925477342312E-16, -0.8 ,0.0,closed,
-8.391925477342312E-16, -0.8 ,0.0,closed,
-8.391925477342312E-16, -0.8 ,0.0,closed,
-8.391925477342312E-16, -0.8 ,0.0,closed,
-8.391925477342312E-16, -0.8 ,0.0,closed,
-8.391925477342312E-16, -0.8 ,0.0,closed,
-8.391925477342312E-16, -0.8 ,0.0,closed,
-8.391925477342312E-16, -0.8 ,0.0,closed,
-8.391925477342312E-16, -0.8 ,0.0,closed,
-8.391925477342312E-16, -0.8 ,0.0,closed,
-8.391925477342312E-16, -0.8 ,0.0,closed,
-8.391925477342312E-16, -0.8 ,0.0,closed,
-8.391925477342312E-16, -0.8 ,0.0,closed,
-8.391925477342312E-16, -0.8 ,0.0,closed,
-8.391925477342312E-16, -0.8 ,0.0,closed,
-8.391925477342312E-16, -0.8 ,0.0,closed,
-8.391925477342312E-16, -0.8 ,0.0,closed,
-8.391925477342312E-16, -0.8 ,0.0,closed,
-8.391925477342312E-16, -0.8 ,0.0,closed,
-8.391925477342312E-16, -0.8 ,0.0,closed,
-8.391925477342312E-16, -0.8 ,0.0,closed,
-8.391925477342312E-16, -0.8 ,0.0,closed,
-8.391925477342312E-16, -0.8 ,0.0,closed,
-8.391925477342312E-16, -0.8 ,0.0,closed,
-0.016856097917989234, -0.7998224002633205 ,0.0,closed,
-0.04516324167220158, -0.798724158644058 ,0.0,closed,
-0.07374402032925907, -0.796593886158862 ,0.0,closed,
-0.10098318736009892, -0.7936009046558574 ,0.0,closed,
-0.12611563467901024, -0.7899967384043497 ,0.0,closed,
-0.14913521420066658, -0.785976264199703 ,0.0,closed,
-0.1701766145238247, -0.7816904245730593 ,0.0,closed,
-0.18939784017727174, -0.777257009062115 ,0.0,closed,
-0.2069532962891345, -0.7727679685099931 ,0.0,closed,
-0.2229875603597983, -0.768294571062939 ,0.0,closed,
-0.23763417830271447, -0.7638913517656774 ,0.0,closed,
-0.25101577971167927, -0.7595992880037065 ,0.0,closed,
-0.2632445880113749, -0.7554484012046896 ,0.0,closed,
-0.27442306726927135, -0.7514598992298425 ,0.0,closed,
-0.28464461614534664, -0.7476479402094734 ,0.0,closed,
-0.2939942682632935, -0.7440210818440098 ,0.0,closed,
-0.30254937644303337, -0.740583469174091 ,0.0,closed,
-0.310498514069211, -0.7372860182865345 ,0.0,closed,
-0.3178429639288331, -0.7341497464965404 ,0.0,closed,
-0.3245649313061374, -0.7312028483028785 ,0.0,closed,
-0.3307169090824414, -0.7284410244123791 ,0.0,closed,
-0.3363485487130539, -0.7258578743656519 ,0.0,closed,
-0.34150541560584546, -0.723445955902636 ,0.0,closed,
-0.34622901962256364, -0.7211972448444313 ,0.0,closed,
-0.35055711440239246, -0.7191034067099585 ,0.0,closed,
-0.35452403247137043, -0.7171559874952163 ,0.0,closed,
-0.3581610036027565, -0.7153465562217143 ,0.0,closed,
-0.36149644621142296, -0.7136668125788895 ,0.0,closed,
-0.3645562314433646, -0.7121086673505751 ,0.0,closed,
-0.3673639218343845, -0.7106643011538291 ,0.0,closed,
-0.36994098679871507, -0.7093262058364918 ,0.0,closed,
-0.3723069971560592, -0.7080872120499269 ,0.0,closed,
-0.37447980074944076, -0.7069405058635834 ,0.0,closed,
-0.3764756810301589, -0.7058796367603177 ,0.0,closed,
-0.3783095003125955, -0.7048985189183152 ,0.0,closed,
-0.37999482923756855, -0.7039914273289918 ,0.0,closed,
-0.38157034615848745, -0.7031387280846448 ,0.0,closed,
-0.3830428037000352, -0.7023376755760838 ,0.0,closed,
-0.38440486120427364, -0.7015931176134236 ,0.0,closed,
-0.38565558764176733, -0.7009063901268722 ,0.0,closed,
-0.38680388179737507, -0.7002733445066165 ,0.0,closed,
-0.38785821180267344, -0.6996899367128504 ,0.0,closed,
-0.3888263988707692, -0.6991523664704208 ,6.348629663322084E-5,closed,
-0.3897156147995902, -0.6986570972811895 ,2.539436839497423E-4,closed,
-0.39053242507027364, -0.6982008485878052 ,5.713667007324597E-4,closed,
-0.391282838660292, -0.6977805816801897 ,0.0010157447541472094,closed,
-0.39197235582972445, -0.6973934845302873 ,0.0015870621200805082,closed,
-0.3926060121683218, -0.6970369568461113 ,0.002285297943684689,closed,
-0.3931884188098183, -0.6967085956939494 ,0.0031104262401304116,closed,
-0.39372379907046035, -0.6964061817973214 ,0.0040624158955665235,closed,
-0.39421602182354, -0.6961276665509153 ,0.005141230668287236,closed,
-0.3946686319096127, -0.6958711597606231 ,0.006346829190106574,closed,
-0.39508487785678925, -0.6956349181063914 ,0.007679164967940033,closed,
-0.3954677371594504, -0.6954173343151462 ,0.009138186385593414,closed,
-0.39581993933961607, -0.6952169270243517 ,0.010723836705758735,closed,
-0.39614398699344644, -0.6950323313119586 ,0.012436054072217154,closed,
-0.3964421750057929, -0.6948622898651764 ,0.014274771512248836,closed,
